Data Set name,Discipline,Category,Variables measured,Data format,Data format version,Data size,Data Set creation Date,Latitude 1,Latitude 2,Longitude 1,Longitude 2,Datum,Measuring area type,Water depth (m),Depth reference,Minimum instrument depth (m),Maximum instrument depth (m),Location qualification,Start Date,Start time,End Date,End time,Vertical resolution,Vertical resolution unit,Instrument / gear type,Track resolution,Track resolution unit,Frequency,Frequency unit,Platform type,Cruise name,Alternative cruise name,Cruise start Date,Station name,Alternative station name,Station start Date,Originator,Data Holding centre,Project name,Project type,EDMED references,CSR references,CSR platform name,CSR platform code,Publication references,Data Quality Control Info,Data Distributor,Database reference,Access/ordering of data,Access restriction,CDI-record creation date,CDI-record id,LOCAL_CDI_ID,CDI-partner,point_density(100x100m),rejected
40 MIJL WEST VAN TEXEL,Marine geology (DS04)|Terrestrial (DS08),"Gravity, magnetics and bathymetry (G005)|Terrestrial (T001)",Bathymetry and Elevation(MBAN),xyz,1.0,89413,20250205,3.5309174061,3.7588090897,53.125869751,53.425491333,World Geodetic System 84 (4326),surface (006),,Lowest Astronomical Tide (D01),22.9,29.2,Beyond the 12 NM boundary,19750901,08:00:00,19750930,17:00:00,0.01,Metres (ULAA),single-beam echosounders(156),20.0,Metres (ULAA),1.0,Days (UTAA),research vessel (31),Opnamebeleidsplan Hydrografie 1975,OBP NLHYD,19750101,Unknown,NLHY,19750901.0,"Royal Netherlands Navy, Hydrographic Service (574)","Royal Netherlands Navy, Hydrographic Service (574)",,,,,,,,COMMISSION REGULATION (EC) No 1205/2008 of 3 December 2008 implementing Directive 2007/2/EC of the European Parliament and of the Council as regards metadata^^1975-09-30^^See the referenced specification||QI_Horizontal^^1975-09-30^^1||QI_Vertical^^1975-09-30^^3||QI_Age^^1975-09-30^^0||QI_Purpose^^1975-09-30^^3||Commission Regulation (EU) No 1089/2010 of 23 November 2010 implementing Directive 2007/2/EC of the European Parliament and of the Council as regards interoperability of spatial data sets and services.^^2010-12-08^^See the referenced specification||Dutch Standards for Hydrographic Surveys.^^2009-07-01^^This publication has been prepared in accordance with the 5th edition of the IHO S-44. The difference is||IHO S-44^^2008-02-01^^IHO S-44 provides a set of standards for the execution of hydrographic surveys for the collection of data which will primarily be used to compile navigational charts to be used for the safety of surface navigation and the protection of the marine environment.,"Royal Netherlands Navy, Hydrographic Service (574)",,web data access with registration,Creative Commons Attribution 4.0 International(CB),20250205,3819933,HY75LM06-WEST/v0,"Royal Netherlands Navy, Hydrographic Service (574)",1.134,0
60 MIJL NOORD-WEST VAN TEXEL,Marine geology (DS04)|Terrestrial (DS08),"Gravity, magnetics and bathymetry (G005)|Terrestrial (T001)",Bathymetry and Elevation(MBAN),xyz,1.0,106591,20250204,4.0121302605,4.2379021645,53.7715263367,53.9595069885,World Geodetic System 84 (4326),surface (006),,Lowest Astronomical Tide (D01),39.2,42.1,Beyond the 12 NM boundary,19760601,08:00:00,19760630,17:00:00,0.01,Metres (ULAA),single-beam echosounders(156),20.0,Metres (ULAA),1.0,Days (UTAA),research vessel (31),Opnamebeleidsplan Hydrografie 1976,OBP NLHYD,19760101,Unknown,NLHY,19760601.0,"Royal Netherlands Navy, Hydrographic Service (574)","Royal Netherlands Navy, Hydrographic Service (574)",,,,,,,,COMMISSION REGULATION (EC) No 1205/2008 of 3 December 2008 implementing Directive 2007/2/EC of the European Parliament and of the Council as regards metadata^^1976-06-30^^See the referenced specification||QI_Horizontal^^1976-06-30^^1||QI_Vertical^^1976-06-30^^3||QI_Age^^1976-06-30^^0||QI_Purpose^^1976-06-30^^3||Commission Regulation (EU) No 1089/2010 of 23 November 2010 implementing Directive 2007/2/EC of the European Parliament and of the Council as regards interoperability of spatial data sets and services.^^2010-12-08^^See the referenced specification||Dutch Standards for Hydrographic Surveys.^^2009-07-01^^This publication has been prepared in accordance with the 5th edition of the IHO S-44. The difference is||IHO S-44^^2008-02-01^^IHO S-44 provides a set of standards for the execution of hydrographic surveys for the collection of data which will primarily be used to compile navigational charts to be used for the safety of surface navigation and the protection of the marine environment.,"Royal Netherlands Navy, Hydrographic Service (574)",,web data access with registration,Creative Commons Attribution 4.0 International(CB),20250204,3814901,HY75LM02A-OOST/v0,"Royal Netherlands Navy, Hydrographic Service (574)",1.138,0
60 MIJL NOORD-WEST VAN TEXEL,Marine geology (DS04)|Terrestrial (DS08),"Gravity, magnetics and bathymetry (G005)|Terrestrial (T001)",Bathymetry and Elevation(MBAN),xyz,1.0,12175,20250205,3.2025001049,3.3247587681,53.6890449524,53.7794151306,World Geodetic System 84 (4326),surface (006),,Lowest Astronomical Tide (D01),34.8,43.2,Beyond the 12 NM boundary,19750401,08:00:00,19750430,17:00:00,0.01,Metres (ULAA),single-beam echosounders(156),20.0,Metres (ULAA),1.0,Days (UTAA),research vessel (31),Opnamebeleidsplan Hydrografie 1975,OBP NLHYD,19750101,Unknown,NLHY,19750401.0,"Royal Netherlands Navy, Hydrographic Service (574)","Royal Netherlands Navy, Hydrographic Service (574)",,,,,,,,COMMISSION REGULATION (EC) No 1205/2008 of 3 December 2008 implementing Directive 2007/2/EC of the European Parliament and of the Council as regards metadata^^1975-04-30^^See the referenced specification||QI_Horizontal^^1975-04-30^^1||QI_Vertical^^1975-04-30^^3||QI_Age^^1975-04-30^^0||QI_Purpose^^1975-04-30^^3||Commission Regulation (EU) No 1089/2010 of 23 November 2010 implementing Directive 2007/2/EC of the European Parliament and of the Council as regards interoperability of spatial data sets and services.^^2010-12-08^^See the referenced specification||Dutch Standards for Hydrographic Surveys.^^2009-07-01^^This publication has been prepared in accordance with the 5th edition of the IHO S-44. The difference is||IHO S-44^^2008-02-01^^IHO S-44 provides a set of standards for the execution of hydrographic surveys for the collection of data which will primarily be used to compile navigational charts to be used for the safety of surface navigation and the protection of the marine environment.,"Royal Netherlands Navy, Hydrographic Service (574)",,web data access with registration,Creative Commons Attribution 4.0 International(CB),20250205,3819931,HY75LM01-WEST/v0,"Royal Netherlands Navy, Hydrographic Service (574)",1.151,0
60 MIJL NOORD-WEST VAN TEXEL,Marine geology (DS04)|Terrestrial (DS08),"Gravity, magnetics and bathymetry (G005)|Terrestrial (T001)",Bathymetry and Elevation(MBAN),xyz,1.0,217975,20250205,3.7734146118,4.0383071899,53.6902503967,53.9368743896,World Geodetic System 84 (4326),surface (006),,Lowest Astronomical Tide (D01),35.8,40.8,Beyond the 12 NM boundary,19750801,08:00:00,19750831,17:00:00,0.01,Metres (ULAA),single-beam echosounders(156),20.0,Metres (ULAA),1.0,Days (UTAA),research vessel (31),Opnamebeleidsplan Hydrografie 1975,OBP NLHYD,19750101,Unknown,NLHY,19750801.0,"Royal Netherlands Navy, Hydrographic Service (574)","Royal Netherlands Navy, Hydrographic Service (574)",,,,,,,,COMMISSION REGULATION (EC) No 1205/2008 of 3 December 2008 implementing Directive 2007/2/EC of the European Parliament and of the Council as regards metadata^^1975-08-31^^See the referenced specification||QI_Horizontal^^1975-08-31^^1||QI_Vertical^^1975-08-31^^3||QI_Age^^1975-08-31^^0||QI_Purpose^^1975-08-31^^3||Commission Regulation (EU) No 1089/2010 of 23 November 2010 implementing Directive 2007/2/EC of the European Parliament and of the Council as regards interoperability of spatial data sets and services.^^2010-12-08^^See the referenced specification||Dutch Standards for Hydrographic Surveys.^^2009-07-01^^This publication has been prepared in accordance with the 5th edition of the IHO S-44. The difference is||IHO S-44^^2008-02-01^^IHO S-44 provides a set of standards for the execution of hydrographic surveys for the collection of data which will primarily be used to compile navigational charts to be used for the safety of surface navigation and the protection of the marine environment.,"Royal Netherlands Navy, Hydrographic Service (574)",,web data access with registration,Creative Commons Attribution 4.0 International(CB),20250205,3819935,HY75LM02A-WEST/v0,"Royal Netherlands Navy, Hydrographic Service (574)",1.143,0
60 MIJL NOORD-WEST VAN TEXEL,Marine geology (DS04)|Terrestrial (DS08),"Gravity, magnetics and bathymetry (G005)|Terrestrial (T001)",Bathymetry and Elevation(MBAN),xyz,1.0,232969,20250205,3.3244450092,3.6466360092,53.6917381287,53.911365509,World Geodetic System 84 (4326),surface (006),,Lowest Astronomical Tide (D01),31.1,42.0,Beyond the 12 NM boundary,19750401,08:00:00,19750430,17:00:00,0.01,Metres (ULAA),single-beam echosounders(156),20.0,Metres (ULAA),1.0,Days (UTAA),research vessel (31),Opnamebeleidsplan Hydrografie 1975,OBP NLHYD,19750101,Unknown,NLHY,19750401.0,"Royal Netherlands Navy, Hydrographic Service (574)","Royal Netherlands Navy, Hydrographic Service (574)",,,,,,,,COMMISSION REGULATION (EC) No 1205/2008 of 3 December 2008 implementing Directive 2007/2/EC of the European Parliament and of the Council as regards metadata^^1975-04-30^^See the referenced specification||QI_Horizontal^^1975-04-30^^1||QI_Vertical^^1975-04-30^^3||QI_Age^^1975-04-30^^0||QI_Purpose^^1975-04-30^^3||Commission Regulation (EU) No 1089/2010 of 23 November 2010 implementing Directive 2007/2/EC of the European Parliament and of the Council as regards interoperability of spatial data sets and services.^^2010-12-08^^See the referenced specification||Dutch Standards for Hydrographic Surveys.^^2009-07-01^^This publication has been prepared in accordance with the 5th edition of the IHO S-44. The difference is||IHO S-44^^2008-02-01^^IHO S-44 provides a set of standards for the execution of hydrographic surveys for the collection of data which will primarily be used to compile navigational charts to be used for the safety of surface navigation and the protection of the marine environment.,"Royal Netherlands Navy, Hydrographic Service (574)",,web data access with registration,Creative Commons Attribution 4.0 International(CB),20250205,3819932,HY75LM01A-OOST/v0,"Royal Netherlands Navy, Hydrographic Service (574)",1.128,0
BEWESTEN DIEPWATERROUTE,Marine geology (DS04)|Terrestrial (DS08),"Gravity, magnetics and bathymetry (G005)|Terrestrial (T001)",Bathymetry and Elevation(MBAN),xyz,1.0,599881,20250116,2.985670805,3.6443617344,52.6516265869,53.9203300476,World Geodetic System 84 (4326),surface (006),,Lowest Astronomical Tide (D01),22.4,44.1,Beyond the 12 NM boundary,19920101,08:00:00,19920301,17:00:00,0.01,Metres (ULAA),single-beam echosounders(156),20.0,Metres (ULAA),1.0,Days (UTAA),research vessel (31),Opnamebeleidsplan Hydrografie 1992,OBP NLHYD,19920101,Unknown,NLHY,19920101.0,"Royal Netherlands Navy, Hydrographic Service (574)","Royal Netherlands Navy, Hydrographic Service (574)",,,,,,,,COMMISSION REGULATION (EC) No 1205/2008 of 3 December 2008 implementing Directive 2007/2/EC of the European Parliament and of the Council as regards metadata^^1992-03-01^^See the referenced specification||QI_Horizontal^^1992-03-01^^1||QI_Vertical^^1992-03-01^^3||QI_Age^^1992-03-01^^0||QI_Purpose^^1992-03-01^^3||Commission Regulation (EU) No 1089/2010 of 23 November 2010 implementing Directive 2007/2/EC of the European Parliament and of the Council as regards interoperability of spatial data sets and services.^^2010-12-08^^See the referenced specification||Dutch Standards for Hydrographic Surveys.^^2009-07-01^^This publication has been prepared in accordance with the 5th edition of the IHO S-44. The difference is||IHO S-44^^2008-02-01^^IHO S-44 provides a set of standards for the execution of hydrographic surveys for the collection of data which will primarily be used to compile navigational charts to be used for the safety of surface navigation and the protection of the marine environment.,"Royal Netherlands Navy, Hydrographic Service (574)",,web data access with registration,Creative Commons Attribution 4.0 International(CB),20250116,2174901,HY92003/v1,"Royal Netherlands Navy, Hydrographic Service (574)",1.172,0
Botney Cut,Marine geology (DS04)|Terrestrial (DS08),"Gravity, magnetics and bathymetry (G005)|Terrestrial (T001)",Bathymetry and Elevation(MBAN),xyz,1.0,137713,20240924,2.996437788,3.1420559883,53.7171325684,54.0037498474,World Geodetic System 84 (4326),surface (006),,Lowest Astronomical Tide (D01),31.0,64.1,Beyond the 12 NM boundary,19830301,08:00:00,19830331,17:00:00,0.01,Metres (ULAA),single-beam echosounders(156),20.0,Metres (ULAA),1.0,Days (UTAA),research vessel (31),Opnamebeleidsplan Hydrografie 1983,OBP NLHYD,19830101,HOV,NLHY,19830301.0,"Royal Netherlands Navy, Hydrographic Service (574)","Royal Netherlands Navy, Hydrographic Service (574)",,,,,,,,COMMISSION REGULATION (EC) No 1205/2008 of 3 December 2008 implementing Directive 2007/2/EC of the European Parliament and of the Council as regards metadata^^1983-03-31^^See the referenced specification||QI_Horizontal^^1983-03-31^^1||QI_Vertical^^1983-03-31^^3||QI_Age^^1983-03-31^^0||QI_Purpose^^1983-03-31^^3||Commission Regulation (EU) No 1089/2010 of 23 November 2010 implementing Directive 2007/2/EC of the European Parliament and of the Council as regards interoperability of spatial data sets and services.^^2010-12-08^^See the referenced specification||Dutch Standards for Hydrographic Surveys.^^2009-07-01^^This publication has been prepared in accordance with the 5th edition of the IHO S-44. The difference is||IHO S-44^^2008-02-01^^IHO S-44 provides a set of standards for the execution of hydrographic surveys for the collection of data which will primarily be used to compile navigational charts to be used for the safety of surface navigation and the protection of the marine environment.,"Royal Netherlands Navy, Hydrographic Service (574)",,web data access with registration,Creative Commons Attribution 4.0 International(CB),20240924,3746133,HY79lm1/v0,"Royal Netherlands Navy, Hydrographic Service (574)",1.126,0
Brown Ridge - West Friesland West Friesland ( SW )West Friesland (C),Marine geology (DS04)|Terrestrial (DS08),"Gravity, magnetics and bathymetry (G005)|Terrestrial (T001)",Bathymetry and Elevation(MBAN),xyz,1.0,33654805,20230111,3.3100237846,3.6608231068,53.0356254578,53.4986915588,World Geodetic System 84 (4326),surface (006),,Lowest Astronomical Tide (D01),23.2,34.4,Both (Landward + beyond the 12 NM boundary),20220328,08:00:00,20220420,17:00:00,0.01,Metres (ULAA),multi-beam echosounders(157),20.0,Metres (ULAA),1.0,Days (UTAA),research vessel (31),Opnamebeleidsplan Hydrografie 2022,OBP NLHYD,20220101,HOV,NLHY,20220328.0,"Royal Netherlands Navy, Hydrographic Service (574)","Royal Netherlands Navy, Hydrographic Service (574)",,,,,,,,COMMISSION REGULATION (EC) No 1205/2008 of 3 December 2008 implementing Directive 2007/2/EC of the European Parliament and of the Council as regards metadata^^2022-04-20^^See the referenced specification||QI_Horizontal^^2022-04-20^^3||QI_Vertical^^2022-04-20^^4||QI_Age^^2022-04-20^^3||QI_Purpose^^2022-04-20^^3||Commission Regulation (EU) No 1089/2010 of 23 November 2010 implementing Directive 2007/2/EC of the European Parliament and of the Council as regards interoperability of spatial data sets and services.^^2010-12-08^^See the referenced specification||Dutch Standards for Hydrographic Surveys.^^2009-07-01^^This publication has been prepared in accordance with the 5th edition of the IHO S-44. The difference is||IHO S-44^^2008-02-01^^IHO S-44 provides a set of standards for the execution of hydrographic surveys for the collection of data which will primarily be used to compile navigational charts to be used for the safety of surface navigation and the protection of the marine environment.,"Royal Netherlands Navy, Hydrographic Service (574)",,web data access with registration,Creative Commons Attribution 4.0 International(CB),20230111,3466111,HY22302_304_326/v0,"Royal Netherlands Navy, Hydrographic Service (574)",24.25,0
Brown Ridge West Friesland,Marine geology (DS04)|Terrestrial (DS08),"Gravity, magnetics and bathymetry (G005)|Terrestrial (T001)",Bathymetry and Elevation(MBAN),xyz,1.0,31272318,20220601,3.306883812,3.6670415401,53.0325164795,53.3856811523,World Geodetic System 84 / UTM zone 31N (32631),surface (006),,Lowest Astronomical Tide (D01),22.82,34.3,Beyond the 12 NM boundary,20070826,00:00:00,20080823,23:59:59,,,multi-beam echosounders(157),20.0,Metres (ULAA),,,research vessel (31),Opnamebeleidsplan Hydrografie,OBP NLHYD,20000101,HOV,NLHY,20080826.0,"Royal Netherlands Navy, Hydrographic Service (574)","Royal Netherlands Navy, Hydrographic Service (574)",,,,,,,,Dutch Standards for Hydrographic Surveys^^2009-07-01^^This publication has been prepared in accordance with the 5th edition of the IHO S-44. The difference is that this publication is dedicated to hydrographic work as performed by the Dutch government. It therefore contains some important additions and extensions.||IHO S-44^^2008-02-01^^IHO S-44 provides a set of standards for the execution of hydrographic surveys for the collection of data which will primarily be used to compile navigational charts to be used for the safety of surface navigation and the protection of the marine environment.||QI_Horizontal^^2017-06-30^^4||QI_Purpose^^2017-06-30^^3||QI_Vertical^^2017-06-30^^See the referenced specification,"Royal Netherlands Navy, Hydrographic Service (574)",,web data access with registration,Creative Commons Attribution 4.0 International(CB),20220601,2174780,HY07302-Mean-Totaal/v1,"Royal Netherlands Navy, Hydrographic Service (574)",24.696,0
Bruine Bank - Vlieland Gronden,Marine geology (DS04)|Terrestrial (DS08),"Gravity, magnetics and bathymetry (G005)|Terrestrial (T001)",Bathymetry and Elevation(MBAN),xyz,1.0,2281134,20220420,4.5496368408,4.6923298836,53.5911521912,53.6668510437,World Geodetic System 84 / UTM zone 31N (32631),surface (006),,Lowest Astronomical Tide (D01),26.31,33.14,Beyond the 12 NM boundary,20101215,00:00:00,20101216,23:59:59,,,multi-beam echosounders(157),20.0,Metres (ULAA),,,research vessel (31),Opnamebeleidsplan Hydrografie,OBP NLHYD,20000101,HOV,NLHY,20101215.0,"Royal Netherlands Navy, Hydrographic Service (574)","Royal Netherlands Navy, Hydrographic Service (574)",,,,,,,,Dutch Standards for Hydrographic Surveys^^2009-07-01^^This publication has been prepared in accordance with the 5th edition of the IHO S-44. The difference is that this publication is dedicated to hydrographic work as performed by the Dutch government. It therefore contains some important additions and extensions.||IHO S-44^^2008-02-01^^IHO S-44 provides a set of standards for the execution of hydrographic surveys for the collection of data which will primarily be used to compile navigational charts to be used for the safety of surface navigation and the protection of the marine environment.||QI_Horizontal^^2017-06-30^^4||QI_Purpose^^2017-06-30^^3||QI_Vertical^^2017-06-30^^3,"Royal Netherlands Navy, Hydrographic Service (574)",,web data access with registration,Creative Commons Attribution 4.0 International(CB),20220420,2174865,HY11418_mean_totaal/v1,"Royal Netherlands Navy, Hydrographic Service (574)",23.858,0
CAT1 gebied TE route,Marine geology (DS04)|Terrestrial (DS08),"Gravity, magnetics and bathymetry (G005)|Terrestrial (T001)",Bathymetry and Elevation(MBAN),xyz,1.0,1449793,20250109,5.2560801506,5.5275564194,53.5033454895,53.5794754028,World Geodetic System 84 (4326),surface (006),,Lowest Astronomical Tide (D01),17.2,21.9,Landward side of the 12 NM boundary,20020301,08:00:00,20020330,17:00:00,0.01,Metres (ULAA),single-beam echosounders(156),20.0,Metres (ULAA),1.0,Days (UTAA),research vessel (31),Opnamebeleidsplan Hydrografie 2002,OBP NLHYD,20020101,Unknown,NLHY,20020301.0,"Royal Netherlands Navy, Hydrographic Service (574)","Royal Netherlands Navy, Hydrographic Service (574)",,,,,,,,COMMISSION REGULATION (EC) No 1205/2008 of 3 December 2008 implementing Directive 2007/2/EC of the European Parliament and of the Council as regards metadata^^2002-03-30^^See the referenced specification||QI_Horizontal^^2002-03-30^^3||QI_Vertical^^2002-03-30^^3||QI_Age^^2002-03-30^^1||QI_Purpose^^2002-03-30^^3||Commission Regulation (EU) No 1089/2010 of 23 November 2010 implementing Directive 2007/2/EC of the European Parliament and of the Council as regards interoperability of spatial data sets and services.^^2010-12-08^^See the referenced specification||Dutch Standards for Hydrographic Surveys.^^2009-07-01^^This publication has been prepared in accordance with the 5th edition of the IHO S-44. The difference is||IHO S-44^^2008-02-01^^IHO S-44 provides a set of standards for the execution of hydrographic surveys for the collection of data which will primarily be used to compile navigational charts to be used for the safety of surface navigation and the protection of the marine environment.,"Royal Netherlands Navy, Hydrographic Service (574)",,web data access with registration,Creative Commons Attribution 4.0 International(CB),20250109,3782259,HY02132/v0,"Royal Netherlands Navy, Hydrographic Service (574)",5.576,0
DW-ROUTE,Marine geology (DS04)|Terrestrial (DS08),"Gravity, magnetics and bathymetry (G005)|Terrestrial (T001)",Bathymetry and Elevation(MBAN),xyz,1.0,394795,20250204,3.5396468639,3.7273499966,53.381061554,53.5819625854,World Geodetic System 84 (4326),surface (006),,Lowest Astronomical Tide (D01),25.8,35.4,Beyond the 12 NM boundary,19861101,08:00:00,19861231,17:00:00,0.01,Metres (ULAA),single-beam echosounders(156),20.0,Metres (ULAA),1.0,Days (UTAA),research vessel (31),Opnamebeleidsplan Hydrografie 1986,OBP NLHYD,19860101,Unknown,NLHY,19861101.0,"Royal Netherlands Navy, Hydrographic Service (574)","Royal Netherlands Navy, Hydrographic Service (574)",,,,,,,,COMMISSION REGULATION (EC) No 1205/2008 of 3 December 2008 implementing Directive 2007/2/EC of the European Parliament and of the Council as regards metadata^^1986-12-31^^See the referenced specification||QI_Horizontal^^1986-12-31^^1||QI_Vertical^^1986-12-31^^3||QI_Age^^1986-12-31^^0||QI_Purpose^^1986-12-31^^3||Commission Regulation (EU) No 1089/2010 of 23 November 2010 implementing Directive 2007/2/EC of the European Parliament and of the Council as regards interoperability of spatial data sets and services.^^2010-12-08^^See the referenced specification||Dutch Standards for Hydrographic Surveys.^^2009-07-01^^This publication has been prepared in accordance with the 5th edition of the IHO S-44. The difference is||IHO S-44^^2008-02-01^^IHO S-44 provides a set of standards for the execution of hydrographic surveys for the collection of data which will primarily be used to compile navigational charts to be used for the safety of surface navigation and the protection of the marine environment.,"Royal Netherlands Navy, Hydrographic Service (574)",,web data access with registration,Creative Commons Attribution 4.0 International(CB),20250204,3814914,HY73LM32/v0,"Royal Netherlands Navy, Hydrographic Service (574)",1.542,0
DW-ROUTE,Marine geology (DS04)|Terrestrial (DS08),"Gravity, magnetics and bathymetry (G005)|Terrestrial (T001)",Bathymetry and Elevation(MBAN),xyz,1.0,5826697,20250116,3.2850921154,3.8390128613,53.0293540955,53.604549408,World Geodetic System 84 (4326),surface (006),,Lowest Astronomical Tide (D01),22.6,37.0,Both (Landward + beyond the 12 NM boundary),19900715,08:00:00,19900829,17:00:00,0.01,Metres (ULAA),single-beam echosounders(156),20.0,Metres (ULAA),1.0,Days (UTAA),research vessel (31),Opnamebeleidsplan Hydrografie 1990,OBP NLHYD,19900101,Unknown,NLHY,19900715.0,"Royal Netherlands Navy, Hydrographic Service (574)","Royal Netherlands Navy, Hydrographic Service (574)",,,,,,,,COMMISSION REGULATION (EC) No 1205/2008 of 3 December 2008 implementing Directive 2007/2/EC of the European Parliament and of the Council as regards metadata^^1990-08-29^^See the referenced specification||QI_Horizontal^^1990-08-29^^3||QI_Vertical^^1990-08-29^^3||QI_Age^^1990-08-29^^0||QI_Purpose^^1990-08-29^^3||Commission Regulation (EU) No 1089/2010 of 23 November 2010 implementing Directive 2007/2/EC of the European Parliament and of the Council as regards interoperability of spatial data sets and services.^^2010-12-08^^See the referenced specification||Dutch Standards for Hydrographic Surveys.^^2009-07-01^^This publication has been prepared in accordance with the 5th edition of the IHO S-44. The difference is||IHO S-44^^2008-02-01^^IHO S-44 provides a set of standards for the execution of hydrographic surveys for the collection of data which will primarily be used to compile navigational charts to be used for the safety of surface navigation and the protection of the marine environment.,"Royal Netherlands Navy, Hydrographic Service (574)",,web data access with registration,Creative Commons Attribution 4.0 International(CB),20250116,2174900,HY90014/v1,"Royal Netherlands Navy, Hydrographic Service (574)",4.136,0
DW-ROUTE,Marine geology (DS04)|Terrestrial (DS08),"Gravity, magnetics and bathymetry (G005)|Terrestrial (T001)",Bathymetry and Elevation(MBAN),xyz,1.0,88363,20250204,3.5227115154,3.6395585537,53.3483085632,53.4119873047,World Geodetic System 84 (4326),surface (006),,Lowest Astronomical Tide (D01),25.3,28.3,Beyond the 12 NM boundary,19860901,08:00:00,19861031,17:00:00,0.01,Metres (ULAA),single-beam echosounders(156),20.0,Metres (ULAA),1.0,Days (UTAA),research vessel (31),Opnamebeleidsplan Hydrografie 1986,OBP NLHYD,19860101,Unknown,NLHY,19860901.0,"Royal Netherlands Navy, Hydrographic Service (574)","Royal Netherlands Navy, Hydrographic Service (574)",,,,,,,,COMMISSION REGULATION (EC) No 1205/2008 of 3 December 2008 implementing Directive 2007/2/EC of the European Parliament and of the Council as regards metadata^^1986-10-31^^See the referenced specification||QI_Horizontal^^1986-10-31^^1||QI_Vertical^^1986-10-31^^3||QI_Age^^1986-10-31^^0||QI_Purpose^^1986-10-31^^3||Commission Regulation (EU) No 1089/2010 of 23 November 2010 implementing Directive 2007/2/EC of the European Parliament and of the Council as regards interoperability of spatial data sets and services.^^2010-12-08^^See the referenced specification||Dutch Standards for Hydrographic Surveys.^^2009-07-01^^This publication has been prepared in accordance with the 5th edition of the IHO S-44. The difference is||IHO S-44^^2008-02-01^^IHO S-44 provides a set of standards for the execution of hydrographic surveys for the collection of data which will primarily be used to compile navigational charts to be used for the safety of surface navigation and the protection of the marine environment.,"Royal Netherlands Navy, Hydrographic Service (574)",,web data access with registration,Creative Commons Attribution 4.0 International(CB),20250204,3814913,HY73LM31/v0,"Royal Netherlands Navy, Hydrographic Service (574)",1.509,0
DW-route off Botney Ground,Marine geology (DS04)|Terrestrial (DS08),"Gravity, magnetics and bathymetry (G005)|Terrestrial (T001)",Bathymetry and Elevation(MBAN),xyz,1.0,18183181,20250116,2.9214711189,4.1823420525,53.4838638306,54.0377998352,World Geodetic System 84 (4326),surface (006),,Lowest Astronomical Tide (D01),30.4,53.2,Beyond the 12 NM boundary,19970401,08:00:00,19970531,17:00:00,0.01,Metres (ULAA),single-beam echosounders(156),20.0,Metres (ULAA),1.0,Days (UTAA),research vessel (31),Opnamebeleidsplan Hydrografie 1997,OBP NLHYD,19970101,Unknown,NLHY,19970401.0,"Royal Netherlands Navy, Hydrographic Service (574)","Royal Netherlands Navy, Hydrographic Service (574)",,,,,,,,COMMISSION REGULATION (EC) No 1205/2008 of 3 December 2008 implementing Directive 2007/2/EC of the European Parliament and of the Council as regards metadata^^1997-05-31^^See the referenced specification||QI_Horizontal^^1997-05-31^^3||QI_Vertical^^1997-05-31^^3||QI_Age^^1997-05-31^^1||QI_Purpose^^1997-05-31^^3||Commission Regulation (EU) No 1089/2010 of 23 November 2010 implementing Directive 2007/2/EC of the European Parliament and of the Council as regards interoperability of spatial data sets and services.^^2010-12-08^^See the referenced specification||Dutch Standards for Hydrographic Surveys.^^2009-07-01^^This publication has been prepared in accordance with the 5th edition of the IHO S-44. The difference is||IHO S-44^^2008-02-01^^IHO S-44 provides a set of standards for the execution of hydrographic surveys for the collection of data which will primarily be used to compile navigational charts to be used for the safety of surface navigation and the protection of the marine environment.,"Royal Netherlands Navy, Hydrographic Service (574)",,web data access with registration,Creative Commons Attribution 4.0 International(CB),20250116,3782320,HY97085/v0,"Royal Netherlands Navy, Hydrographic Service (574)",5.872,0
DW-ROUTE TEA KETTLE HOLE,Marine geology (DS04)|Terrestrial (DS08),"Gravity, magnetics and bathymetry (G005)|Terrestrial (T001)",Bathymetry and Elevation(MBAN),xyz,1.0,8725637,20250122,3.3572838306,3.6666429043,53.0296554565,53.3858108521,World Geodetic System 84 (4326),surface (006),,Lowest Astronomical Tide (D01),22.7,34.5,Beyond the 12 NM boundary,19950315,08:00:00,19950415,17:00:00,0.01,Metres (ULAA),single-beam echosounders(156),20.0,Metres (ULAA),1.0,Days (UTAA),research vessel (31),Opnamebeleidsplan Hydrografie 1995,OBP NLHYD,19950101,Unknown,NLHY,19950315.0,"Royal Netherlands Navy, Hydrographic Service (574)","Royal Netherlands Navy, Hydrographic Service (574)",,,,,,,,COMMISSION REGULATION (EC) No 1205/2008 of 3 December 2008 implementing Directive 2007/2/EC of the European Parliament and of the Council as regards metadata^^1995-04-15^^See the referenced specification||QI_Horizontal^^1995-04-15^^3||QI_Vertical^^1995-04-15^^3||QI_Age^^1995-04-15^^0||QI_Purpose^^1995-04-15^^3||Commission Regulation (EU) No 1089/2010 of 23 November 2010 implementing Directive 2007/2/EC of the European Parliament and of the Council as regards interoperability of spatial data sets and services.^^2010-12-08^^See the referenced specification||Dutch Standards for Hydrographic Surveys.^^2009-07-01^^This publication has been prepared in accordance with the 5th edition of the IHO S-44. The difference is||IHO S-44^^2008-02-01^^IHO S-44 provides a set of standards for the execution of hydrographic surveys for the collection of data which will primarily be used to compile navigational charts to be used for the safety of surface navigation and the protection of the marine environment.,"Royal Netherlands Navy, Hydrographic Service (574)",,web data access with registration,Creative Commons Attribution 4.0 International(CB),20250122,3782306,HY94060(2_3)/v0,"Royal Netherlands Navy, Hydrographic Service (574)",6.703,0
East Friesland (E),Marine geology (DS04)|Terrestrial (DS08),"Gravity, magnetics and bathymetry (G005)|Terrestrial (T001)",Bathymetry and Elevation(MBAN),xyz,1.0,16774812,20220420,4.9917907715,6.0531992912,54.0130081177,54.1390533447,World Geodetic System 84 / UTM zone 31N (32631),surface (006),,Lowest Astronomical Tide (D01),31.13,40.96,Beyond the 12 NM boundary,20091013,00:00:00,20100430,23:59:59,,,multi-beam echosounders(157),20.0,Metres (ULAA),,,research vessel (31),Opnamebeleidsplan Hydrografie,OBP NLHYD,20000101,HOV,NLHY,20091013.0,"Royal Netherlands Navy, Hydrographic Service (574)","Royal Netherlands Navy, Hydrographic Service (574)",,,,,,,,Dutch Standards for Hydrographic Surveys^^2009-07-01^^This publication has been prepared in accordance with the 5th edition of the IHO S-44. The difference is that this publication is dedicated to hydrographic work as performed by the Dutch government. It therefore contains some important additions and extensions.||IHO S-44^^2008-02-01^^IHO S-44 provides a set of standards for the execution of hydrographic surveys for the collection of data which will primarily be used to compile navigational charts to be used for the safety of surface navigation and the protection of the marine environment.||QI_Horizontal^^2017-06-30^^4||QI_Purpose^^2017-06-30^^3||QI_Vertical^^2017-06-30^^3,"Royal Netherlands Navy, Hydrographic Service (574)",,web data access with registration,Creative Commons Attribution 4.0 International(CB),20220420,2174828,HY09402_mean_totaal/v1,"Royal Netherlands Navy, Hydrographic Service (574)",24.25,0
EAST FRIESLAND TSS OOSTGAAND,Marine geology (DS04)|Terrestrial (DS08),"Gravity, magnetics and bathymetry (G005)|Terrestrial (T001)",Bathymetry and Elevation(MBAN),xyz,1.0,5063851,20250116,4.9802994728,6.0635762215,54.0086631775,54.1403541565,World Geodetic System 84 (4326),surface (006),,Lowest Astronomical Tide (D01),31.1,41.9,Beyond the 12 NM boundary,19960515,08:00:00,19960915,17:00:00,0.01,Metres (ULAA),single-beam echosounders(156),20.0,Metres (ULAA),1.0,Days (UTAA),research vessel (31),Opnamebeleidsplan Hydrografie 1996,OBP NLHYD,19960101,Unknown,NLHY,19960515.0,"Royal Netherlands Navy, Hydrographic Service (574)","Royal Netherlands Navy, Hydrographic Service (574)",,,,,,,,COMMISSION REGULATION (EC) No 1205/2008 of 3 December 2008 implementing Directive 2007/2/EC of the European Parliament and of the Council as regards metadata^^1996-09-15^^See the referenced specification||QI_Horizontal^^1996-09-15^^3||QI_Vertical^^1996-09-15^^3||QI_Age^^1996-09-15^^1||QI_Purpose^^1996-09-15^^3||Commission Regulation (EU) No 1089/2010 of 23 November 2010 implementing Directive 2007/2/EC of the European Parliament and of the Council as regards interoperability of spatial data sets and services.^^2010-12-08^^See the referenced specification||Dutch Standards for Hydrographic Surveys.^^2009-07-01^^This publication has been prepared in accordance with the 5th edition of the IHO S-44. The difference is||IHO S-44^^2008-02-01^^IHO S-44 provides a set of standards for the execution of hydrographic surveys for the collection of data which will primarily be used to compile navigational charts to be used for the safety of surface navigation and the protection of the marine environment.,"Royal Netherlands Navy, Hydrographic Service (574)",,web data access with registration,Creative Commons Attribution 4.0 International(CB),20250116,3782333,HY96063/v0,"Royal Netherlands Navy, Hydrographic Service (574)",5.189,0
EAST FRIESLAND TSS WESTGAAND,Marine geology (DS04)|Terrestrial (DS08),"Gravity, magnetics and bathymetry (G005)|Terrestrial (T001)",Bathymetry and Elevation(MBAN),xyz,1.0,5042095,20250116,4.9671978951,6.0334653854,54.0568580627,54.1869735718,World Geodetic System 84 (4326),surface (006),,Lowest Astronomical Tide (D01),32.3,41.8,Beyond the 12 NM boundary,19960515,08:00:00,19960915,17:00:00,0.01,Metres (ULAA),single-beam echosounders(156),20.0,Metres (ULAA),1.0,Days (UTAA),research vessel (31),Opnamebeleidsplan Hydrografie 1996,OBP NLHYD,19960101,Unknown,NLHY,19960515.0,"Royal Netherlands Navy, Hydrographic Service (574)","Royal Netherlands Navy, Hydrographic Service (574)",,,,,,,,COMMISSION REGULATION (EC) No 1205/2008 of 3 December 2008 implementing Directive 2007/2/EC of the European Parliament and of the Council as regards metadata^^1996-09-15^^See the referenced specification||QI_Horizontal^^1996-09-15^^3||QI_Vertical^^1996-09-15^^3||QI_Age^^1996-09-15^^1||QI_Purpose^^1996-09-15^^3||Commission Regulation (EU) No 1089/2010 of 23 November 2010 implementing Directive 2007/2/EC of the European Parliament and of the Council as regards interoperability of spatial data sets and services.^^2010-12-08^^See the referenced specification||Dutch Standards for Hydrographic Surveys.^^2009-07-01^^This publication has been prepared in accordance with the 5th edition of the IHO S-44. The difference is||IHO S-44^^2008-02-01^^IHO S-44 provides a set of standards for the execution of hydrographic surveys for the collection of data which will primarily be used to compile navigational charts to be used for the safety of surface navigation and the protection of the marine environment.,"Royal Netherlands Navy, Hydrographic Service (574)",,web data access with registration,Creative Commons Attribution 4.0 International(CB),20250116,3782334,HY96064/v0,"Royal Netherlands Navy, Hydrographic Service (574)",5.116,0
EHR 14 BENOORDEN TERSCHELLING,Marine geology (DS04)|Terrestrial (DS08),"Gravity, magnetics and bathymetry (G005)|Terrestrial (T001)",Bathymetry and Elevation(MBAN),xyz,1.0,362707,20250204,4.7519369125,5.2601456642,53.7726020813,54.0090065002,World Geodetic System 84 (4326),surface (006),,Lowest Astronomical Tide (D01),29.5,41.2,Beyond the 12 NM boundary,19760501,08:00:00,19760630,17:00:00,0.01,Metres (ULAA),single-beam echosounders(156),20.0,Metres (ULAA),1.0,Days (UTAA),research vessel (31),Opnamebeleidsplan Hydrografie 1976,OBP NLHYD,19760101,Unknown,NLHY,19760501.0,"Royal Netherlands Navy, Hydrographic Service (574)","Royal Netherlands Navy, Hydrographic Service (574)",,,,,,,,COMMISSION REGULATION (EC) No 1205/2008 of 3 December 2008 implementing Directive 2007/2/EC of the European Parliament and of the Council as regards metadata^^1976-06-30^^See the referenced specification||QI_Horizontal^^1976-06-30^^3||QI_Vertical^^1976-06-30^^3||QI_Age^^1976-06-30^^0||QI_Purpose^^1976-06-30^^3||Commission Regulation (EU) No 1089/2010 of 23 November 2010 implementing Directive 2007/2/EC of the European Parliament and of the Council as regards interoperability of spatial data sets and services.^^2010-12-08^^See the referenced specification||Dutch Standards for Hydrographic Surveys.^^2009-07-01^^This publication has been prepared in accordance with the 5th edition of the IHO S-44. The difference is||IHO S-44^^2008-02-01^^IHO S-44 provides a set of standards for the execution of hydrographic surveys for the collection of data which will primarily be used to compile navigational charts to be used for the safety of surface navigation and the protection of the marine environment.,"Royal Netherlands Navy, Hydrographic Service (574)",,web data access with registration,Creative Commons Attribution 4.0 International(CB),20250204,3814917,HY77LM02/v0,"Royal Netherlands Navy, Hydrographic Service (574)",1.137,0
FRIESLAND JUNCTION,Marine geology (DS04)|Terrestrial (DS08),"Gravity, magnetics and bathymetry (G005)|Terrestrial (T001)",Bathymetry and Elevation(MBAN),xyz,1.0,10343293,20250116,4.1359195709,5.014067173,53.944934845,54.0967559814,World Geodetic System 84 (4326),surface (006),,Lowest Astronomical Tide (D01),40.1,46.0,Beyond the 12 NM boundary,19950901,08:00:00,19960630,17:00:00,0.01,Metres (ULAA),single-beam echosounders(156),20.0,Metres (ULAA),1.0,Days (UTAA),research vessel (31),Opnamebeleidsplan Hydrografie 1995,OBP NLHYD,19950101,Unknown,NLHY,19950901.0,"Royal Netherlands Navy, Hydrographic Service (574)","Royal Netherlands Navy, Hydrographic Service (574)",,,,,,,,COMMISSION REGULATION (EC) No 1205/2008 of 3 December 2008 implementing Directive 2007/2/EC of the European Parliament and of the Council as regards metadata^^1996-06-30^^See the referenced specification||QI_Horizontal^^1996-06-30^^3||QI_Vertical^^1996-06-30^^3||QI_Age^^1996-06-30^^1||QI_Purpose^^1996-06-30^^3||Commission Regulation (EU) No 1089/2010 of 23 November 2010 implementing Directive 2007/2/EC of the European Parliament and of the Council as regards interoperability of spatial data sets and services.^^2010-12-08^^See the referenced specification||Dutch Standards for Hydrographic Surveys.^^2009-07-01^^This publication has been prepared in accordance with the 5th edition of the IHO S-44. The difference is||IHO S-44^^2008-02-01^^IHO S-44 provides a set of standards for the execution of hydrographic surveys for the collection of data which will primarily be used to compile navigational charts to be used for the safety of surface navigation and the protection of the marine environment.,"Royal Netherlands Navy, Hydrographic Service (574)",,web data access with registration,Creative Commons Attribution 4.0 International(CB),20250116,3782344,HY95057/v0,"Royal Netherlands Navy, Hydrographic Service (574)",5.414,0
Friesland Junction,Marine geology (DS04)|Terrestrial (DS08),"Gravity, magnetics and bathymetry (G005)|Terrestrial (T001)",Bathymetry and Elevation(MBAN),xyz,1.0,53770721,20220420,3.710981369,5.0099625587,53.9196510315,54.1006393433,World Geodetic System 84 / UTM zone 31N (32631),surface (006),,Lowest Astronomical Tide (D01),39.43,46.21,Beyond the 12 NM boundary,20100428,00:00:00,20100909,23:59:59,,,multi-beam echosounders(157),20.0,Metres (ULAA),,,research vessel (31),Opnamebeleidsplan Hydrografie,OBP NLHYD,20000101,HOV,NLHY,20100428.0,"Royal Netherlands Navy, Hydrographic Service (574)","Royal Netherlands Navy, Hydrographic Service (574)",,,,,,,,Dutch Standards for Hydrographic Surveys^^2009-07-01^^This publication has been prepared in accordance with the 5th edition of the IHO S-44. The difference is that this publication is dedicated to hydrographic work as performed by the Dutch government. It therefore contains some important additions and extensions.||IHO S-44^^2008-02-01^^IHO S-44 provides a set of standards for the execution of hydrographic surveys for the collection of data which will primarily be used to compile navigational charts to be used for the safety of surface navigation and the protection of the marine environment.||QI_Horizontal^^2017-06-30^^4||QI_Purpose^^2017-06-30^^3||QI_Vertical^^2017-06-30^^3,"Royal Netherlands Navy, Hydrographic Service (574)",,web data access with registration,Creative Commons Attribution 4.0 International(CB),20220420,2174847,HY10403_mean/v1,"Royal Netherlands Navy, Hydrographic Service (574)",24.687,0
Friesland Junction,Marine geology (DS04)|Terrestrial (DS08),"Gravity, magnetics and bathymetry (G005)|Terrestrial (T001)",Bathymetry and Elevation(MBAN),xyz,1.0,71825338,20220420,4.9141139984,6.0601997375,53.6607017517,54.1057167053,World Geodetic System 84 / UTM zone 31N (32631),surface (006),,Lowest Astronomical Tide (D01),30.18,39.13,Beyond the 12 NM boundary,20100910,00:00:00,20110402,23:59:59,,,multi-beam echosounders(157),20.0,Metres (ULAA),,,research vessel (31),Opnamebeleidsplan Hydrografie,OBP NLHYD,20000101,HOV,NLHY,20100910.0,"Royal Netherlands Navy, Hydrographic Service (574)","Royal Netherlands Navy, Hydrographic Service (574)",,,,,,,,Dutch Standards for Hydrographic Surveys^^2009-07-01^^This publication has been prepared in accordance with the 5th edition of the IHO S-44. The difference is that this publication is dedicated to hydrographic work as performed by the Dutch government. It therefore contains some important additions and extensions.||IHO S-44^^2008-02-01^^IHO S-44 provides a set of standards for the execution of hydrographic surveys for the collection of data which will primarily be used to compile navigational charts to be used for the safety of surface navigation and the protection of the marine environment.||QI_Horizontal^^2017-06-30^^4||QI_Purpose^^2017-06-30^^3||QI_Vertical^^2017-06-30^^3,"Royal Netherlands Navy, Hydrographic Service (574)",,web data access with registration,Creative Commons Attribution 4.0 International(CB),20220420,2174848,HY10509_mean_totaal/v1,"Royal Netherlands Navy, Hydrographic Service (574)",24.668,0
HY93041,Marine geology (DS04)|Terrestrial (DS08),"Gravity, magnetics and bathymetry (G005)|Terrestrial (T001)",Bathymetry and Elevation(MBAN),xyz,1.0,741169,20250116,5.2606725693,5.522026062,53.5046005249,53.5771255493,World Geodetic System 84 (4326),surface (006),,Lowest Astronomical Tide (D01),16.8,21.2,Landward side of the 12 NM boundary,19930401,08:00:00,19930501,17:00:00,0.01,Metres (ULAA),single-beam echosounders(156),20.0,Metres (ULAA),1.0,Days (UTAA),research vessel (31),Opnamebeleidsplan Hydrografie 1993,OBP NLHYD,19930101,Unknown,NLHY,19930401.0,"Royal Netherlands Navy, Hydrographic Service (574)","Royal Netherlands Navy, Hydrographic Service (574)",,,,,,,,COMMISSION REGULATION (EC) No 1205/2008 of 3 December 2008 implementing Directive 2007/2/EC of the European Parliament and of the Council as regards metadata^^1993-05-01^^See the referenced specification||QI_Horizontal^^1993-05-01^^3||QI_Vertical^^1993-05-01^^3||QI_Age^^1993-05-01^^0||QI_Purpose^^1993-05-01^^3||Commission Regulation (EU) No 1089/2010 of 23 November 2010 implementing Directive 2007/2/EC of the European Parliament and of the Council as regards interoperability of spatial data sets and services.^^2010-12-08^^See the referenced specification||Dutch Standards for Hydrographic Surveys.^^2009-07-01^^This publication has been prepared in accordance with the 5th edition of the IHO S-44. The difference is||IHO S-44^^2008-02-01^^IHO S-44 provides a set of standards for the execution of hydrographic surveys for the collection of data which will primarily be used to compile navigational charts to be used for the safety of surface navigation and the protection of the marine environment.,"Royal Netherlands Navy, Hydrographic Service (574)",,web data access with registration,Creative Commons Attribution 4.0 International(CB),20250116,3782276,HY93041/v0,"Royal Netherlands Navy, Hydrographic Service (574)",3.02,0
Klaverbank,Marine geology (DS04)|Terrestrial (DS08),"Gravity, magnetics and bathymetry (G005)|Terrestrial (T001)",Bathymetry and Elevation(MBAN),xyz,1.0,132451462,20220406,2.7730100155,3.6923100948,53.9623031616,54.3342552185,World Geodetic System 84 / UTM zone 31N (32631),surface (006),,Lowest Astronomical Tide (D01),27.168,70.845,Beyond the 12 NM boundary,20170820,00:00:00,20180712,00:00:00,,,multi-beam echosounders(157),20.0,Metres (ULAA),,,research vessel (31),Opnamebeleidsplan Hydrografie,OBP NLHYD,20161101,HOV,NLHY,20170820.0,"Royal Netherlands Navy, Hydrographic Service (574)","Royal Netherlands Navy, Hydrographic Service (574)",,,,,,,,Dutch Standards for Hydrographic Surveys^^2009-07-01^^This publication has been prepared in accordance with the 5th edition of the IHO S-44. The difference is that this publication is dedicated to hydrographic work as performed by the Dutch government. It therefore contains some important additions and extensions.||IHO S-44^^2008-02-01^^IHO S-44 provides a set of standards for the execution of hydrographic surveys for the collection of data which will primarily be used to compile navigational charts to be used for the safety of surface navigation and the protection of the marine environment.||QI_Horizontal^^2019-11-19^^3||QI_Purpose^^2019-11-19^^3||QI_Vertical^^2019-11-19^^4,"Royal Netherlands Navy, Hydrographic Service (574)",,web data access with registration,Creative Commons Attribution 4.0 International(CB),20220406,2870120,HY17516/v1,"Royal Netherlands Navy, Hydrographic Service (574)",24.872,0
nabij Diepwaterroute,Marine geology (DS04)|Terrestrial (DS08),"Gravity, magnetics and bathymetry (G005)|Terrestrial (T001)",Bathymetry and Elevation(MBAN),xyz,1.0,639193,20240924,2.7757349014,4.3333649635,53.8306312561,54.3399085999,World Geodetic System 84 (4326),surface (006),,Lowest Astronomical Tide (D01),28.1,97.0,Beyond the 12 NM boundary,19850201,08:00:00,19850228,17:00:00,0.01,Metres (ULAA),single-beam echosounders(156),20.0,Metres (ULAA),1.0,Days (UTAA),research vessel (31),Opnamebeleidsplan Hydrografie 1985,OBP NLHYD,19850101,HOV,NLHY,19850201.0,"Royal Netherlands Navy, Hydrographic Service (574)","Royal Netherlands Navy, Hydrographic Service (574)",,,,,,,,COMMISSION REGULATION (EC) No 1205/2008 of 3 December 2008 implementing Directive 2007/2/EC of the European Parliament and of the Council as regards metadata^^1985-02-28^^See the referenced specification||QI_Horizontal^^1985-02-28^^1||QI_Vertical^^1985-02-28^^3||QI_Age^^1985-02-28^^0||QI_Purpose^^1985-02-28^^3||Commission Regulation (EU) No 1089/2010 of 23 November 2010 implementing Directive 2007/2/EC of the European Parliament and of the Council as regards interoperability of spatial data sets and services.^^2010-12-08^^See the referenced specification||Dutch Standards for Hydrographic Surveys.^^2009-07-01^^This publication has been prepared in accordance with the 5th edition of the IHO S-44. The difference is||IHO S-44^^2008-02-01^^IHO S-44 provides a set of standards for the execution of hydrographic surveys for the collection of data which will primarily be used to compile navigational charts to be used for the safety of surface navigation and the protection of the marine environment.,"Royal Netherlands Navy, Hydrographic Service (574)",,web data access with registration,Creative Commons Attribution 4.0 International(CB),20240924,3175970,HY79lm2-6/v1,"Royal Netherlands Navy, Hydrographic Service (574)",1.112,0
Noord van Terschelling-Geman B,Marine geology (DS04)|Terrestrial (DS08),"Gravity, magnetics and bathymetry (G005)|Terrestrial (T001)",Bathymetry and Elevation(MBAN),xyz,1.0,44094523,20220601,4.862950325,5.6319723129,53.6034240723,53.8858299255,World Geodetic System 84 / UTM zone 31N (32631),surface (006),,Lowest Astronomical Tide (D01),22.93,33.44,Beyond the 12 NM boundary,20070926,00:00:00,20080410,23:59:59,,,multi-beam echosounders(157),20.0,Metres (ULAA),,,research vessel (31),Opnamebeleidsplan Hydrografie,OBP NLHYD,20000101,HOV,NLHY,20070926.0,"Royal Netherlands Navy, Hydrographic Service (574)","Royal Netherlands Navy, Hydrographic Service (574)",,,,,,,,Dutch Standards for Hydrographic Surveys^^2009-07-01^^This publication has been prepared in accordance with the 5th edition of the IHO S-44. The difference is that this publication is dedicated to hydrographic work as performed by the Dutch government. It therefore contains some important additions and extensions.||IHO S-44^^2008-02-01^^IHO S-44 provides a set of standards for the execution of hydrographic surveys for the collection of data which will primarily be used to compile navigational charts to be used for the safety of surface navigation and the protection of the marine environment.||QI_Horizontal^^2017-06-30^^4||QI_Purpose^^2017-06-30^^3||QI_Vertical^^2017-06-30^^3,"Royal Netherlands Navy, Hydrographic Service (574)",,web data access with registration,Creative Commons Attribution 4.0 International(CB),20220601,2174786,HY07416-1-Mean-Totaal/v1,"Royal Netherlands Navy, Hydrographic Service (574)",24.72,0
Noord van Terschelling-Geman B,Marine geology (DS04)|Terrestrial (DS08),"Gravity, magnetics and bathymetry (G005)|Terrestrial (T001)",Bathymetry and Elevation(MBAN),xyz,1.0,8680303,20220420,4.7322478294,5.05271101,53.3806915283,53.5197105408,World Geodetic System 84 / UTM zone 31N (32631),surface (006),,Lowest Astronomical Tide (D01),,,Both (Landward + beyond the 12 NM boundary),20101007,00:00:00,20101007,23:59:59,,,multi-beam echosounders(157),20.0,Metres (ULAA),,,research vessel (31),Opnamebeleidsplan Hydrografie,OBP NLHYD,20000101,HOV,NLHY,20100907.0,"Royal Netherlands Navy, Hydrographic Service (574)","Royal Netherlands Navy, Hydrographic Service (574)",,,,,,,,Dutch Standards for Hydrographic Surveys^^2009-07-01^^This publication has been prepared in accordance with the 5th edition of the IHO S-44. The difference is that this publication is dedicated to hydrographic work as performed by the Dutch government. It therefore contains some important additions and extensions.||IHO S-44^^2008-02-01^^IHO S-44 provides a set of standards for the execution of hydrographic surveys for the collection of data which will primarily be used to compile navigational charts to be used for the safety of surface navigation and the protection of the marine environment.||QI_Horizontal^^2017-06-30^^4||QI_Purpose^^2017-06-30^^3||QI_Vertical^^2017-06-30^^3,"Royal Netherlands Navy, Hydrographic Service (574)",,web data access with registration,Creative Commons Attribution 4.0 International(CB),20220420,2174834,HY10202_-_Mean-Totaal/v1,"Royal Netherlands Navy, Hydrographic Service (574)",24.388,0
NOORD-WEST VAN TEXEL,Marine geology (DS04)|Terrestrial (DS08),"Gravity, magnetics and bathymetry (G005)|Terrestrial (T001)",Bathymetry and Elevation(MBAN),xyz,1.0,283411,20250204,4.2046513557,4.5307993889,53.3620185852,53.6029281616,World Geodetic System 84 (4326),surface (006),,Lowest Astronomical Tide (D01),22.8,38.6,Beyond the 12 NM boundary,19810601,08:00:00,19810831,17:00:00,0.01,Metres (ULAA),single-beam echosounders(156),20.0,Metres (ULAA),1.0,Days (UTAA),research vessel (31),Opnamebeleidsplan Hydrografie 1981,OBP NLHYD,19810101,Unknown,NLHY,19810601.0,"Royal Netherlands Navy, Hydrographic Service (574)","Royal Netherlands Navy, Hydrographic Service (574)",,,,,,,,COMMISSION REGULATION (EC) No 1205/2008 of 3 December 2008 implementing Directive 2007/2/EC of the European Parliament and of the Council as regards metadata^^1981-08-31^^See the referenced specification||QI_Horizontal^^1981-08-31^^1||QI_Vertical^^1981-08-31^^3||QI_Age^^1981-08-31^^0||QI_Purpose^^1981-08-31^^3||Commission Regulation (EU) No 1089/2010 of 23 November 2010 implementing Directive 2007/2/EC of the European Parliament and of the Council as regards interoperability of spatial data sets and services.^^2010-12-08^^See the referenced specification||Dutch Standards for Hydrographic Surveys.^^2009-07-01^^This publication has been prepared in accordance with the 5th edition of the IHO S-44. The difference is||IHO S-44^^2008-02-01^^IHO S-44 provides a set of standards for the execution of hydrographic surveys for the collection of data which will primarily be used to compile navigational charts to be used for the safety of surface navigation and the protection of the marine environment.,"Royal Netherlands Navy, Hydrographic Service (574)",,web data access with registration,Creative Commons Attribution 4.0 International(CB),20250204,3814925,HY76LM05/v0,"Royal Netherlands Navy, Hydrographic Service (574)",1.116,0
NOORD-WEST VAN TEXEL,Marine geology (DS04)|Terrestrial (DS08),"Gravity, magnetics and bathymetry (G005)|Terrestrial (T001)",Bathymetry and Elevation(MBAN),xyz,1.0,314827,20250204,4.2119078636,4.5412855148,53.5950431824,53.8959312439,World Geodetic System 84 (4326),surface (006),,Lowest Astronomical Tide (D01),25.7,43.7,Beyond the 12 NM boundary,19810601,08:00:00,19810831,17:00:00,0.01,Metres (ULAA),single-beam echosounders(156),20.0,Metres (ULAA),1.0,Days (UTAA),research vessel (31),Opnamebeleidsplan Hydrografie 1981,OBP NLHYD,19810101,Unknown,NLHY,19810601.0,"Royal Netherlands Navy, Hydrographic Service (574)","Royal Netherlands Navy, Hydrographic Service (574)",,,,,,,,COMMISSION REGULATION (EC) No 1205/2008 of 3 December 2008 implementing Directive 2007/2/EC of the European Parliament and of the Council as regards metadata^^1981-08-31^^See the referenced specification||QI_Horizontal^^1981-08-31^^1||QI_Vertical^^1981-08-31^^3||QI_Age^^1981-08-31^^0||QI_Purpose^^1981-08-31^^3||Commission Regulation (EU) No 1089/2010 of 23 November 2010 implementing Directive 2007/2/EC of the European Parliament and of the Council as regards interoperability of spatial data sets and services.^^2010-12-08^^See the referenced specification||Dutch Standards for Hydrographic Surveys.^^2009-07-01^^This publication has been prepared in accordance with the 5th edition of the IHO S-44. The difference is||IHO S-44^^2008-02-01^^IHO S-44 provides a set of standards for the execution of hydrographic surveys for the collection of data which will primarily be used to compile navigational charts to be used for the safety of surface navigation and the protection of the marine environment.,"Royal Netherlands Navy, Hydrographic Service (574)",,web data access with registration,Creative Commons Attribution 4.0 International(CB),20250204,3814924,HY76LM04/v0,"Royal Netherlands Navy, Hydrographic Service (574)",1.14,0
NOORD-WEST VAN TEXEL,Marine geology (DS04)|Terrestrial (DS08),"Gravity, magnetics and bathymetry (G005)|Terrestrial (T001)",Bathymetry and Elevation(MBAN),xyz,1.0,421717,20250204,3.8790810108,4.2235674858,53.2858810425,53.7801399231,World Geodetic System 84 (4326),surface (006),,Lowest Astronomical Tide (D01),24.6,40.2,Beyond the 12 NM boundary,19810601,08:00:00,19810630,17:00:00,0.01,Metres (ULAA),single-beam echosounders(156),20.0,Metres (ULAA),1.0,Days (UTAA),research vessel (31),Opnamebeleidsplan Hydrografie 1981,OBP NLHYD,19810101,Unknown,NLHY,19810601.0,"Royal Netherlands Navy, Hydrographic Service (574)","Royal Netherlands Navy, Hydrographic Service (574)",,,,,,,,COMMISSION REGULATION (EC) No 1205/2008 of 3 December 2008 implementing Directive 2007/2/EC of the European Parliament and of the Council as regards metadata^^1981-06-30^^See the referenced specification||QI_Horizontal^^1981-06-30^^1||QI_Vertical^^1981-06-30^^3||QI_Age^^1981-06-30^^0||QI_Purpose^^1981-06-30^^3||Commission Regulation (EU) No 1089/2010 of 23 November 2010 implementing Directive 2007/2/EC of the European Parliament and of the Council as regards interoperability of spatial data sets and services.^^2010-12-08^^See the referenced specification||Dutch Standards for Hydrographic Surveys.^^2009-07-01^^This publication has been prepared in accordance with the 5th edition of the IHO S-44. The difference is||IHO S-44^^2008-02-01^^IHO S-44 provides a set of standards for the execution of hydrographic surveys for the collection of data which will primarily be used to compile navigational charts to be used for the safety of surface navigation and the protection of the marine environment.,"Royal Netherlands Navy, Hydrographic Service (574)",,web data access with registration,Creative Commons Attribution 4.0 International(CB),20250204,3814902,HY76LM02_03/v0,"Royal Netherlands Navy, Hydrographic Service (574)",1.148,0
NOORD-WEST VAN TEXEL,Marine geology (DS04)|Terrestrial (DS08),"Gravity, magnetics and bathymetry (G005)|Terrestrial (T001)",Bathymetry and Elevation(MBAN),xyz,1.0,90421,20250204,3.7052314281,3.915607214,53.411895752,53.6335334778,World Geodetic System 84 (4326),surface (006),,Lowest Astronomical Tide (D01),25.2,37.2,Beyond the 12 NM boundary,19800901,08:00:00,19801031,17:00:00,0.01,Metres (ULAA),single-beam echosounders(156),20.0,Metres (ULAA),1.0,Days (UTAA),research vessel (31),Opnamebeleidsplan Hydrografie 1980,OBP NLHYD,19800101,Unknown,NLHY,19800901.0,"Royal Netherlands Navy, Hydrographic Service (574)","Royal Netherlands Navy, Hydrographic Service (574)",,,,,,,,COMMISSION REGULATION (EC) No 1205/2008 of 3 December 2008 implementing Directive 2007/2/EC of the European Parliament and of the Council as regards metadata^^1980-10-31^^See the referenced specification||QI_Horizontal^^1980-10-31^^1||QI_Vertical^^1980-10-31^^3||QI_Age^^1980-10-31^^0||QI_Purpose^^1980-10-31^^3||Commission Regulation (EU) No 1089/2010 of 23 November 2010 implementing Directive 2007/2/EC of the European Parliament and of the Council as regards interoperability of spatial data sets and services.^^2010-12-08^^See the referenced specification||Dutch Standards for Hydrographic Surveys.^^2009-07-01^^This publication has been prepared in accordance with the 5th edition of the IHO S-44. The difference is||IHO S-44^^2008-02-01^^IHO S-44 provides a set of standards for the execution of hydrographic surveys for the collection of data which will primarily be used to compile navigational charts to be used for the safety of surface navigation and the protection of the marine environment.,"Royal Netherlands Navy, Hydrographic Service (574)",,web data access with registration,Creative Commons Attribution 4.0 International(CB),20250204,3814915,HY76LM01/v0,"Royal Netherlands Navy, Hydrographic Service (574)",1.15,0
Noordelijk deel NCP,Marine geology (DS04)|Terrestrial (DS08),"Gravity, magnetics and bathymetry (G005)|Terrestrial (T001)",Bathymetry and Elevation(MBAN),xyz,1.0,33036678,20220406,2.8630166054,3.2888607979,53.6464996338,53.9771118164,World Geodetic System 84 / UTM zone 31N (32631),surface (006),,Lowest Astronomical Tide (D01),28.09,65.028,Beyond the 12 NM boundary,20160210,00:00:00,20160320,23:59:59,,,multi-beam echosounders(157),20.0,Metres (ULAA),,,research vessel (31),Opnamebeleidsplan Hydrografie,OBP NLHYD,20000101,HOV,NLHY,20160210.0,"Royal Netherlands Navy, Hydrographic Service (574)","Royal Netherlands Navy, Hydrographic Service (574)",,,,,,,,Dutch Standards for Hydrographic Surveys^^2009-07-01^^This publication has been prepared in accordance with the 5th edition of the IHO S-44. The difference is that this publication is dedicated to hydrographic work as performed by the Dutch government. It therefore contains some important additions and extensions.||IHO S-44^^2008-02-01^^IHO S-44 provides a set of standards for the execution of hydrographic surveys for the collection of data which will primarily be used to compile navigational charts to be used for the safety of surface navigation and the protection of the marine environment.||QI_Horizontal^^2017-06-30^^4||QI_Purpose^^2017-06-30^^3||QI_Vertical^^2017-06-30^^3,"Royal Netherlands Navy, Hydrographic Service (574)",,web data access with registration,Creative Commons Attribution 4.0 International(CB),20220406,2613600,HY16515_MeanTotaal/v1,"Royal Netherlands Navy, Hydrographic Service (574)",24.718,0
Noordelijk deel NCP,Marine geology (DS04)|Terrestrial (DS08),"Gravity, magnetics and bathymetry (G005)|Terrestrial (T001)",Bathymetry and Elevation(MBAN),xyz,1.0,50030388,20220420,4.9841198921,5.3390645981,54.0903549194,54.6270866394,World Geodetic System 84 / UTM zone 31N (32631),surface (006),,Lowest Astronomical Tide (D01),40.189,45.685,Beyond the 12 NM boundary,20120915,00:00:00,20130610,23:59:59,,,multi-beam echosounders(157),20.0,Metres (ULAA),,,research vessel (31),Opnamebeleidsplan Hydrografie,OBP NLHYD,20000101,HOV,NLHY,20120915.0,"Royal Netherlands Navy, Hydrographic Service (574)","Royal Netherlands Navy, Hydrographic Service (574)",,,,,,,,Dutch Standards for Hydrographic Surveys^^2009-07-01^^This publication has been prepared in accordance with the 5th edition of the IHO S-44. The difference is that this publication is dedicated to hydrographic work as performed by the Dutch government. It therefore contains some important additions and extensions.||IHO S-44^^2008-02-01^^IHO S-44 provides a set of standards for the execution of hydrographic surveys for the collection of data which will primarily be used to compile navigational charts to be used for the safety of surface navigation and the protection of the marine environment.||QI_Horizontal^^2017-06-30^^4||QI_Purpose^^2017-06-30^^3||QI_Vertical^^2017-06-30^^3,"Royal Netherlands Navy, Hydrographic Service (574)",,web data access with registration,Creative Commons Attribution 4.0 International(CB),20220420,2613594,HY12501_1_mean_totaal/v1,"Royal Netherlands Navy, Hydrographic Service (574)",24.762,0
Noordelijk deel NCP,Marine geology (DS04)|Terrestrial (DS08),"Gravity, magnetics and bathymetry (G005)|Terrestrial (T001)",Bathymetry and Elevation(MBAN),xyz,1.0,71046833,20220407,4.4379253387,4.994099617,54.0532989502,54.317779541,World Geodetic System 84 / UTM zone 31N (32631),surface (006),,Lowest Astronomical Tide (D01),41.292,48.664,Beyond the 12 NM boundary,20131117,00:00:00,20140412,23:59:59,,,multi-beam echosounders(157),20.0,Metres (ULAA),,,research vessel (31),Opnamebeleidsplan Hydrografie,OBP NLHYD,20000101,HOV,NLHY,20131117.0,"Royal Netherlands Navy, Hydrographic Service (574)","Royal Netherlands Navy, Hydrographic Service (574)",,,,,,,,Dutch Standards for Hydrographic Surveys^^2009-07-01^^This publication has been prepared in accordance with the 5th edition of the IHO S-44. The difference is that this publication is dedicated to hydrographic work as performed by the Dutch government. It therefore contains some important additions and extensions.||IHO S-44^^2008-02-01^^IHO S-44 provides a set of standards for the execution of hydrographic surveys for the collection of data which will primarily be used to compile navigational charts to be used for the safety of surface navigation and the protection of the marine environment.||QI_Purpose^^2017-06-30^^3||QI_Vertical^^2017-06-30^^3||QI_Horizontal^^2017-06-30^^4,"Royal Netherlands Navy, Hydrographic Service (574)",,web data access with registration,Creative Commons Attribution 4.0 International(CB),20220407,2382032,HY13501_3_MeanTotaal/v1,"Royal Netherlands Navy, Hydrographic Service (574)",24.784,0
NOORDELIJKE DIEPWATERROUTE,Marine geology (DS04)|Terrestrial (DS08),"Gravity, magnetics and bathymetry (G005)|Terrestrial (T001)",Bathymetry and Elevation(MBAN),xyz,1.0,143005,20250204,5.1375455856,5.5685024261,53.9901809692,54.1422576904,World Geodetic System 84 (4326),surface (006),,Lowest Astronomical Tide (D01),35.6,40.3,Beyond the 12 NM boundary,19820601,08:00:00,19820731,17:00:00,0.01,Metres (ULAA),single-beam echosounders(156),20.0,Metres (ULAA),1.0,Days (UTAA),research vessel (31),Opnamebeleidsplan Hydrografie 1982,OBP NLHYD,19820101,Unknown,NLHY,19820601.0,"Royal Netherlands Navy, Hydrographic Service (574)","Royal Netherlands Navy, Hydrographic Service (574)",,,,,,,,COMMISSION REGULATION (EC) No 1205/2008 of 3 December 2008 implementing Directive 2007/2/EC of the European Parliament and of the Council as regards metadata^^1982-07-31^^See the referenced specification||QI_Horizontal^^1982-07-31^^3||QI_Vertical^^1982-07-31^^3||QI_Age^^1982-07-31^^0||QI_Purpose^^1982-07-31^^3||Commission Regulation (EU) No 1089/2010 of 23 November 2010 implementing Directive 2007/2/EC of the European Parliament and of the Council as regards interoperability of spatial data sets and services.^^2010-12-08^^See the referenced specification||Dutch Standards for Hydrographic Surveys.^^2009-07-01^^This publication has been prepared in accordance with the 5th edition of the IHO S-44. The difference is||IHO S-44^^2008-02-01^^IHO S-44 provides a set of standards for the execution of hydrographic surveys for the collection of data which will primarily be used to compile navigational charts to be used for the safety of surface navigation and the protection of the marine environment.,"Royal Netherlands Navy, Hydrographic Service (574)",,web data access with registration,Creative Commons Attribution 4.0 International(CB),20250204,3814919,HY77LM10/v0,"Royal Netherlands Navy, Hydrographic Service (574)",1.142,0
NOORDELIJKE DIEPWATERROUTE,Marine geology (DS04)|Terrestrial (DS08),"Gravity, magnetics and bathymetry (G005)|Terrestrial (T001)",Bathymetry and Elevation(MBAN),xyz,1.0,53125,20250204,4.7661013603,5.1372637749,53.9880638123,54.1061172485,World Geodetic System 84 (4326),surface (006),,Lowest Astronomical Tide (D01),37.9,41.3,Beyond the 12 NM boundary,19820601,08:00:00,19820731,17:00:00,0.01,Metres (ULAA),single-beam echosounders(156),20.0,Metres (ULAA),1.0,Days (UTAA),research vessel (31),Opnamebeleidsplan Hydrografie 1982,OBP NLHYD,19820101,Unknown,NLHY,19820601.0,"Royal Netherlands Navy, Hydrographic Service (574)","Royal Netherlands Navy, Hydrographic Service (574)",,,,,,,,COMMISSION REGULATION (EC) No 1205/2008 of 3 December 2008 implementing Directive 2007/2/EC of the European Parliament and of the Council as regards metadata^^1982-07-31^^See the referenced specification||QI_Horizontal^^1982-07-31^^1||QI_Vertical^^1982-07-31^^3||QI_Age^^1982-07-31^^0||QI_Purpose^^1982-07-31^^3||Commission Regulation (EU) No 1089/2010 of 23 November 2010 implementing Directive 2007/2/EC of the European Parliament and of the Council as regards interoperability of spatial data sets and services.^^2010-12-08^^See the referenced specification||Dutch Standards for Hydrographic Surveys.^^2009-07-01^^This publication has been prepared in accordance with the 5th edition of the IHO S-44. The difference is||IHO S-44^^2008-02-01^^IHO S-44 provides a set of standards for the execution of hydrographic surveys for the collection of data which will primarily be used to compile navigational charts to be used for the safety of surface navigation and the protection of the marine environment.,"Royal Netherlands Navy, Hydrographic Service (574)",,web data access with registration,Creative Commons Attribution 4.0 International(CB),20250204,3814918,HY77LM09/v0,"Royal Netherlands Navy, Hydrographic Service (574)",1.134,0
NOORDZEE,Marine geology (DS04)|Terrestrial (DS08),"Gravity, magnetics and bathymetry (G005)|Terrestrial (T001)",Bathymetry and Elevation(MBAN),xyz,1.0,108607,20250205,3.9593503475,4.2519674301,53.1346855164,53.4087142944,World Geodetic System 84 (4326),surface (006),,Lowest Astronomical Tide (D01),24.8,28.3,Beyond the 12 NM boundary,19741001,08:00:00,19741231,17:00:00,0.01,Metres (ULAA),single-beam echosounders(156),20.0,Metres (ULAA),1.0,Days (UTAA),research vessel (31),Opnamebeleidsplan Hydrografie 1974,OBP NLHYD,19740101,Unknown,NLHY,19741001.0,"Royal Netherlands Navy, Hydrographic Service (574)","Royal Netherlands Navy, Hydrographic Service (574)",,,,,,,,COMMISSION REGULATION (EC) No 1205/2008 of 3 December 2008 implementing Directive 2007/2/EC of the European Parliament and of the Council as regards metadata^^1974-12-31^^See the referenced specification||QI_Horizontal^^1974-12-31^^1||QI_Vertical^^1974-12-31^^3||QI_Age^^1974-12-31^^0||QI_Purpose^^1974-12-31^^3||Commission Regulation (EU) No 1089/2010 of 23 November 2010 implementing Directive 2007/2/EC of the European Parliament and of the Council as regards interoperability of spatial data sets and services.^^2010-12-08^^See the referenced specification||Dutch Standards for Hydrographic Surveys.^^2009-07-01^^This publication has been prepared in accordance with the 5th edition of the IHO S-44. The difference is||IHO S-44^^2008-02-01^^IHO S-44 provides a set of standards for the execution of hydrographic surveys for the collection of data which will primarily be used to compile navigational charts to be used for the safety of surface navigation and the protection of the marine environment.,"Royal Netherlands Navy, Hydrographic Service (574)",,web data access with registration,Creative Commons Attribution 4.0 International(CB),20250205,3819950,HY75LM07A/v0,"Royal Netherlands Navy, Hydrographic Service (574)",1.131,0
NOORDZEE,Marine geology (DS04)|Terrestrial (DS08),"Gravity, magnetics and bathymetry (G005)|Terrestrial (T001)",Bathymetry and Elevation(MBAN),xyz,1.0,125323,20250205,3.7538359165,3.9650166035,53.1326560974,53.4306716919,World Geodetic System 84 (4326),surface (006),,Lowest Astronomical Tide (D01),23.2,28.9,Beyond the 12 NM boundary,19750201,08:00:00,19750228,17:00:00,0.01,Metres (ULAA),single-beam echosounders(156),20.0,Metres (ULAA),1.0,Days (UTAA),research vessel (31),Opnamebeleidsplan Hydrografie 1975,OBP NLHYD,19750101,Unknown,NLHY,19750201.0,"Royal Netherlands Navy, Hydrographic Service (574)","Royal Netherlands Navy, Hydrographic Service (574)",,,,,,,,COMMISSION REGULATION (EC) No 1205/2008 of 3 December 2008 implementing Directive 2007/2/EC of the European Parliament and of the Council as regards metadata^^1975-02-28^^See the referenced specification||QI_Horizontal^^1975-02-28^^1||QI_Vertical^^1975-02-28^^3||QI_Age^^1975-02-28^^0||QI_Purpose^^1975-02-28^^3||Commission Regulation (EU) No 1089/2010 of 23 November 2010 implementing Directive 2007/2/EC of the European Parliament and of the Council as regards interoperability of spatial data sets and services.^^2010-12-08^^See the referenced specification||Dutch Standards for Hydrographic Surveys.^^2009-07-01^^This publication has been prepared in accordance with the 5th edition of the IHO S-44. The difference is||IHO S-44^^2008-02-01^^IHO S-44 provides a set of standards for the execution of hydrographic surveys for the collection of data which will primarily be used to compile navigational charts to be used for the safety of surface navigation and the protection of the marine environment.,"Royal Netherlands Navy, Hydrographic Service (574)",,web data access with registration,Creative Commons Attribution 4.0 International(CB),20250205,3819929,HY75LM06-OOST/v0,"Royal Netherlands Navy, Hydrographic Service (574)",1.131,0
NOORDZEE,Marine geology (DS04)|Terrestrial (DS08),"Gravity, magnetics and bathymetry (G005)|Terrestrial (T001)",Bathymetry and Elevation(MBAN),xyz,1.0,63037,20250205,3.637198925,3.7837922573,53.6893997192,53.9163627625,World Geodetic System 84 (4326),surface (006),,Lowest Astronomical Tide (D01),31.5,37.8,Beyond the 12 NM boundary,19740910,08:00:00,19741031,17:00:00,0.01,Metres (ULAA),single-beam echosounders(156),20.0,Metres (ULAA),1.0,Days (UTAA),research vessel (31),Opnamebeleidsplan Hydrografie 1974,OBP NLHYD,19740101,Unknown,NLHY,19740910.0,"Royal Netherlands Navy, Hydrographic Service (574)","Royal Netherlands Navy, Hydrographic Service (574)",,,,,,,,COMMISSION REGULATION (EC) No 1205/2008 of 3 December 2008 implementing Directive 2007/2/EC of the European Parliament and of the Council as regards metadata^^1974-10-31^^See the referenced specification||QI_Horizontal^^1974-10-31^^1||QI_Vertical^^1974-10-31^^3||QI_Age^^1974-10-31^^0||QI_Purpose^^1974-10-31^^3||Commission Regulation (EU) No 1089/2010 of 23 November 2010 implementing Directive 2007/2/EC of the European Parliament and of the Council as regards interoperability of spatial data sets and services.^^2010-12-08^^See the referenced specification||Dutch Standards for Hydrographic Surveys.^^2009-07-01^^This publication has been prepared in accordance with the 5th edition of the IHO S-44. The difference is||IHO S-44^^2008-02-01^^IHO S-44 provides a set of standards for the execution of hydrographic surveys for the collection of data which will primarily be used to compile navigational charts to be used for the safety of surface navigation and the protection of the marine environment.,"Royal Netherlands Navy, Hydrographic Service (574)",,web data access with registration,Creative Commons Attribution 4.0 International(CB),20250205,3819944,HY75LM01-OOST/v0,"Royal Netherlands Navy, Hydrographic Service (574)",1.141,0
NOORDZEE,Marine geology (DS04)|Terrestrial (DS08),"Gravity, magnetics and bathymetry (G005)|Terrestrial (T001)",Bathymetry and Elevation(MBAN),xyz,1.0,68245,20250205,3.5295968056,3.8886897564,53.4135437012,53.7151603699,World Geodetic System 84 (4326),surface (006),,Lowest Astronomical Tide (D01),25.2,38.4,Beyond the 12 NM boundary,19740901,08:00:00,19741130,17:00:00,0.01,Metres (ULAA),single-beam echosounders(156),20.0,Metres (ULAA),1.0,Days (UTAA),research vessel (31),Opnamebeleidsplan Hydrografie 1974,OBP NLHYD,19740101,Unknown,NLHY,19740901.0,"Royal Netherlands Navy, Hydrographic Service (574)","Royal Netherlands Navy, Hydrographic Service (574)",,,,,,,,COMMISSION REGULATION (EC) No 1205/2008 of 3 December 2008 implementing Directive 2007/2/EC of the European Parliament and of the Council as regards metadata^^1974-11-30^^See the referenced specification||QI_Horizontal^^1974-11-30^^1||QI_Vertical^^1974-11-30^^3||QI_Age^^1974-11-30^^0||QI_Purpose^^1974-11-30^^3||Commission Regulation (EU) No 1089/2010 of 23 November 2010 implementing Directive 2007/2/EC of the European Parliament and of the Council as regards interoperability of spatial data sets and services.^^2010-12-08^^See the referenced specification||Dutch Standards for Hydrographic Surveys.^^2009-07-01^^This publication has been prepared in accordance with the 5th edition of the IHO S-44. The difference is||IHO S-44^^2008-02-01^^IHO S-44 provides a set of standards for the execution of hydrographic surveys for the collection of data which will primarily be used to compile navigational charts to be used for the safety of surface navigation and the protection of the marine environment.,"Royal Netherlands Navy, Hydrographic Service (574)",,web data access with registration,Creative Commons Attribution 4.0 International(CB),20250205,3819948,HY75LM04/v0,"Royal Netherlands Navy, Hydrographic Service (574)",1.13,0
NOORDZEE,Marine geology (DS04)|Terrestrial (DS08),"Gravity, magnetics and bathymetry (G005)|Terrestrial (T001)",Bathymetry and Elevation(MBAN),xyz,1.0,74461,20250205,2.9979774952,3.5313129425,53.5243797302,53.7048034668,World Geodetic System 84 (4326),surface (006),,Lowest Astronomical Tide (D01),30.5,42.0,Both (Landward + beyond the 12 NM boundary),19740701,08:00:00,19740930,17:00:00,0.01,Metres (ULAA),single-beam echosounders(156),20.0,Metres (ULAA),1.0,Days (UTAA),research vessel (31),Opnamebeleidsplan Hydrografie 1974,OBP NLHYD,19740101,Unknown,NLHY,19740701.0,"Royal Netherlands Navy, Hydrographic Service (574)","Royal Netherlands Navy, Hydrographic Service (574)",,,,,,,,COMMISSION REGULATION (EC) No 1205/2008 of 3 December 2008 implementing Directive 2007/2/EC of the European Parliament and of the Council as regards metadata^^1974-09-30^^See the referenced specification||QI_Horizontal^^1974-09-30^^1||QI_Vertical^^1974-09-30^^3||QI_Age^^1974-09-30^^0||QI_Purpose^^1974-09-30^^3||Commission Regulation (EU) No 1089/2010 of 23 November 2010 implementing Directive 2007/2/EC of the European Parliament and of the Council as regards interoperability of spatial data sets and services.^^2010-12-08^^See the referenced specification||Dutch Standards for Hydrographic Surveys.^^2009-07-01^^This publication has been prepared in accordance with the 5th edition of the IHO S-44. The difference is||IHO S-44^^2008-02-01^^IHO S-44 provides a set of standards for the execution of hydrographic surveys for the collection of data which will primarily be used to compile navigational charts to be used for the safety of surface navigation and the protection of the marine environment.,"Royal Netherlands Navy, Hydrographic Service (574)",,web data access with registration,Creative Commons Attribution 4.0 International(CB),20250205,3819949,HY75LM03/v0,"Royal Netherlands Navy, Hydrographic Service (574)",1.124,0
NOORDZEE BENOORDEN TEXEL,Marine geology (DS04)|Terrestrial (DS08),"Gravity, magnetics and bathymetry (G005)|Terrestrial (T001)",Bathymetry and Elevation(MBAN),xyz,1.0,26497,20250205,3.9717435837,4.2552032471,53.1405754089,53.4069099426,World Geodetic System 84 (4326),surface (006),,Lowest Astronomical Tide (D01),24.8,31.4,Both (Landward + beyond the 12 NM boundary),19741101,08:00:00,19750101,17:00:00,0.01,Metres (ULAA),single-beam echosounders(156),20.0,Metres (ULAA),1.0,Days (UTAA),research vessel (31),Opnamebeleidsplan Hydrografie 1974,OBP NLHYD,19740101,Unknown,NLHY,19741101.0,"Royal Netherlands Navy, Hydrographic Service (574)","Royal Netherlands Navy, Hydrographic Service (574)",,,,,,,,COMMISSION REGULATION (EC) No 1205/2008 of 3 December 2008 implementing Directive 2007/2/EC of the European Parliament and of the Council as regards metadata^^1975-01-01^^See the referenced specification||QI_Horizontal^^1975-01-01^^1||QI_Vertical^^1975-01-01^^3||QI_Age^^1975-01-01^^0||QI_Purpose^^1975-01-01^^3||Commission Regulation (EU) No 1089/2010 of 23 November 2010 implementing Directive 2007/2/EC of the European Parliament and of the Council as regards interoperability of spatial data sets and services.^^2010-12-08^^See the referenced specification||Dutch Standards for Hydrographic Surveys.^^2009-07-01^^This publication has been prepared in accordance with the 5th edition of the IHO S-44. The difference is||IHO S-44^^2008-02-01^^IHO S-44 provides a set of standards for the execution of hydrographic surveys for the collection of data which will primarily be used to compile navigational charts to be used for the safety of surface navigation and the protection of the marine environment.,"Royal Netherlands Navy, Hydrographic Service (574)",,web data access with registration,Creative Commons Attribution 4.0 International(CB),20250205,3819947,HY75LM07B/v0,"Royal Netherlands Navy, Hydrographic Service (574)",1.127,0
NOORDZEE DIEPWATERROUTE,Marine geology (DS04)|Terrestrial (DS08),"Gravity, magnetics and bathymetry (G005)|Terrestrial (T001)",Bathymetry and Elevation(MBAN),xyz,1.0,1134751,20250204,3.6197323799,4.7475624084,53.5325508118,54.001411438,World Geodetic System 84 (4326),surface (006),,Lowest Astronomical Tide (D01),32.3,43.3,Beyond the 12 NM boundary,19810501,08:00:00,19811001,17:00:00,0.01,Metres (ULAA),single-beam echosounders(156),20.0,Metres (ULAA),1.0,Days (UTAA),research vessel (31),RWS 1981,OBP NLHYD,19810101,Unknown,NLHY,19811001.0,"Royal Netherlands Navy, Hydrographic Service (574)","Royal Netherlands Navy, Hydrographic Service (574)",,,,,,,,COMMISSION REGULATION (EC) No 1205/2008 of 3 December 2008 implementing Directive 2007/2/EC of the European Parliament and of the Council as regards metadata^^1981-05-01^^See the referenced specification||QI_Horizontal^^1981-05-01^^1||QI_Vertical^^1981-05-01^^3||QI_Age^^1981-05-01^^0||QI_Purpose^^1981-05-01^^3||Commission Regulation (EU) No 1089/2010 of 23 November 2010 implementing Directive 2007/2/EC of the European Parliament and of the Council as regards interoperability of spatial data sets and services.^^2010-12-08^^See the referenced specification||Dutch Standards for Hydrographic Surveys.^^2009-07-01^^This publication has been prepared in accordance with the 5th edition of the IHO S-44. The difference is||IHO S-44^^2008-02-01^^IHO S-44 provides a set of standards for the execution of hydrographic surveys for the collection of data which will primarily be used to compile navigational charts to be used for the safety of surface navigation and the protection of the marine environment.,"Royal Netherlands Navy, Hydrographic Service (574)",,web data access with registration,Creative Commons Attribution 4.0 International(CB),20250204,3814928,OP6(6)LM4_10/v0,"Royal Netherlands Navy, Hydrographic Service (574)",1.244,0
NOORDZEE DIEPWATERROUTE WEST,Marine geology (DS04)|Terrestrial (DS08),"Gravity, magnetics and bathymetry (G005)|Terrestrial (T001)",Bathymetry and Elevation(MBAN),xyz,1.0,149893,20250204,2.995041132,3.1518945694,53.591709137,53.7319946289,World Geodetic System 84 (4326),surface (006),,Lowest Astronomical Tide (D01),33.8,42.5,Beyond the 12 NM boundary,19810915,08:00:00,19811016,17:00:00,0.01,Metres (ULAA),single-beam echosounders(156),20.0,Metres (ULAA),1.0,Days (UTAA),research vessel (31),RWS 1981,OBP NLHYD,19810101,Unknown,NLHY,19810915.0,"Royal Netherlands Navy, Hydrographic Service (574)","Royal Netherlands Navy, Hydrographic Service (574)",,,,,,,,COMMISSION REGULATION (EC) No 1205/2008 of 3 December 2008 implementing Directive 2007/2/EC of the European Parliament and of the Council as regards metadata^^1981-10-16^^See the referenced specification||QI_Horizontal^^1981-10-16^^1||QI_Vertical^^1981-10-16^^3||QI_Age^^1981-10-16^^0||QI_Purpose^^1981-10-16^^3||Commission Regulation (EU) No 1089/2010 of 23 November 2010 implementing Directive 2007/2/EC of the European Parliament and of the Council as regards interoperability of spatial data sets and services.^^2010-12-08^^See the referenced specification||Dutch Standards for Hydrographic Surveys.^^2009-07-01^^This publication has been prepared in accordance with the 5th edition of the IHO S-44. The difference is||IHO S-44^^2008-02-01^^IHO S-44 provides a set of standards for the execution of hydrographic surveys for the collection of data which will primarily be used to compile navigational charts to be used for the safety of surface navigation and the protection of the marine environment.,"Royal Netherlands Navy, Hydrographic Service (574)",,web data access with registration,Creative Commons Attribution 4.0 International(CB),20250204,3814907,OP7LM19/v0,"Royal Netherlands Navy, Hydrographic Service (574)",1.225,0
NOORDZEE TRUNKROUTE,Marine geology (DS04)|Terrestrial (DS08),"Gravity, magnetics and bathymetry (G005)|Terrestrial (T001)",Bathymetry and Elevation(MBAN),xyz,1.0,23347,20250205,3.2863833904,3.6450941563,53.88514328,53.968372345,World Geodetic System 84 (4326),surface (006),,Lowest Astronomical Tide (D01),35.0,44.1,Beyond the 12 NM boundary,19730801,08:00:00,19730901,17:00:00,0.01,Metres (ULAA),single-beam echosounders(156),20.0,Metres (ULAA),1.0,Days (UTAA),research vessel (31),RWS 1973,OBP NLHYD,19730101,Unknown,NLHY,19730801.0,"Royal Netherlands Navy, Hydrographic Service (574)","Royal Netherlands Navy, Hydrographic Service (574)",,,,,,,,COMMISSION REGULATION (EC) No 1205/2008 of 3 December 2008 implementing Directive 2007/2/EC of the European Parliament and of the Council as regards metadata^^1973-09-01^^See the referenced specification||QI_Horizontal^^1973-09-01^^3||QI_Vertical^^1973-09-01^^3||QI_Age^^1973-09-01^^0||QI_Purpose^^1973-09-01^^3||Commission Regulation (EU) No 1089/2010 of 23 November 2010 implementing Directive 2007/2/EC of the European Parliament and of the Council as regards interoperability of spatial data sets and services.^^2010-12-08^^See the referenced specification||Dutch Standards for Hydrographic Surveys.^^2009-07-01^^This publication has been prepared in accordance with the 5th edition of the IHO S-44. The difference is||IHO S-44^^2008-02-01^^IHO S-44 provides a set of standards for the execution of hydrographic surveys for the collection of data which will primarily be used to compile navigational charts to be used for the safety of surface navigation and the protection of the marine environment.,"Royal Netherlands Navy, Hydrographic Service (574)",,web data access with registration,Creative Commons Attribution 4.0 International(CB),20250205,3819940,OP7LM6/v0,"Royal Netherlands Navy, Hydrographic Service (574)",1.151,0
NOORDZEE TRUNKROUTE,Marine geology (DS04)|Terrestrial (DS08),"Gravity, magnetics and bathymetry (G005)|Terrestrial (T001)",Bathymetry and Elevation(MBAN),xyz,1.0,24313,20250205,3.1861789227,3.4211537838,53.8149490356,53.9323730469,World Geodetic System 84 (4326),surface (006),,Lowest Astronomical Tide (D01),34.8,47.2,Beyond the 12 NM boundary,19730801,08:00:00,19730901,17:00:00,0.01,Metres (ULAA),single-beam echosounders(156),20.0,Metres (ULAA),1.0,Days (UTAA),research vessel (31),RWS 1973,OBP NLHYD,19730101,Unknown,NLHY,19730801.0,"Royal Netherlands Navy, Hydrographic Service (574)","Royal Netherlands Navy, Hydrographic Service (574)",,,,,,,,COMMISSION REGULATION (EC) No 1205/2008 of 3 December 2008 implementing Directive 2007/2/EC of the European Parliament and of the Council as regards metadata^^1973-09-01^^See the referenced specification||QI_Horizontal^^1973-09-01^^3||QI_Vertical^^1973-09-01^^3||QI_Age^^1973-09-01^^0||QI_Purpose^^1973-09-01^^3||Commission Regulation (EU) No 1089/2010 of 23 November 2010 implementing Directive 2007/2/EC of the European Parliament and of the Council as regards interoperability of spatial data sets and services.^^2010-12-08^^See the referenced specification||Dutch Standards for Hydrographic Surveys.^^2009-07-01^^This publication has been prepared in accordance with the 5th edition of the IHO S-44. The difference is||IHO S-44^^2008-02-01^^IHO S-44 provides a set of standards for the execution of hydrographic surveys for the collection of data which will primarily be used to compile navigational charts to be used for the safety of surface navigation and the protection of the marine environment.,"Royal Netherlands Navy, Hydrographic Service (574)",,web data access with registration,Creative Commons Attribution 4.0 International(CB),20250205,3819938,OP7LM4/v0,"Royal Netherlands Navy, Hydrographic Service (574)",1.112,0
NW VAN TEXEL,Marine geology (DS04)|Terrestrial (DS08),"Gravity, magnetics and bathymetry (G005)|Terrestrial (T001)",Bathymetry and Elevation(MBAN),xyz,1.0,182779,20250204,4.1142830849,4.4402618408,53.1256866455,53.3838195801,World Geodetic System 84 (4326),surface (006),,Lowest Astronomical Tide (D01),24.2,33.0,Beyond the 12 NM boundary,19790501,08:00:00,19790531,17:00:00,0.01,Metres (ULAA),single-beam echosounders(156),20.0,Metres (ULAA),1.0,Days (UTAA),research vessel (31),Opnamebeleidsplan Hydrografie 1979,OBP NLHYD,19790101,Unknown,NLHY,19790501.0,"Royal Netherlands Navy, Hydrographic Service (574)","Royal Netherlands Navy, Hydrographic Service (574)",,,,,,,,COMMISSION REGULATION (EC) No 1205/2008 of 3 December 2008 implementing Directive 2007/2/EC of the European Parliament and of the Council as regards metadata^^1979-05-31^^See the referenced specification||QI_Horizontal^^1979-05-31^^1||QI_Vertical^^1979-05-31^^3||QI_Age^^1979-05-31^^0||QI_Purpose^^1979-05-31^^3||Commission Regulation (EU) No 1089/2010 of 23 November 2010 implementing Directive 2007/2/EC of the European Parliament and of the Council as regards interoperability of spatial data sets and services.^^2010-12-08^^See the referenced specification||Dutch Standards for Hydrographic Surveys.^^2009-07-01^^This publication has been prepared in accordance with the 5th edition of the IHO S-44. The difference is||IHO S-44^^2008-02-01^^IHO S-44 provides a set of standards for the execution of hydrographic surveys for the collection of data which will primarily be used to compile navigational charts to be used for the safety of surface navigation and the protection of the marine environment.,"Royal Netherlands Navy, Hydrographic Service (574)",,web data access with registration,Creative Commons Attribution 4.0 International(CB),20250204,3814903,HY76LM06/v0,"Royal Netherlands Navy, Hydrographic Service (574)",1.137,0
NW VAN TEXEL,Marine geology (DS04)|Terrestrial (DS08),"Gravity, magnetics and bathymetry (G005)|Terrestrial (T001)",Bathymetry and Elevation(MBAN),xyz,1.0,230449,20250204,4.5366215706,4.7740092278,53.6361274719,53.9003257751,World Geodetic System 84 (4326),surface (006),,Lowest Astronomical Tide (D01),27.8,40.5,Beyond the 12 NM boundary,19810601,08:00:00,19810831,17:00:00,0.01,Metres (ULAA),single-beam echosounders(156),20.0,Metres (ULAA),1.0,Days (UTAA),research vessel (31),Opnamebeleidsplan Hydrografie 1981,OBP NLHYD,19810101,Unknown,NLHY,19810601.0,"Royal Netherlands Navy, Hydrographic Service (574)","Royal Netherlands Navy, Hydrographic Service (574)",,,,,,,,COMMISSION REGULATION (EC) No 1205/2008 of 3 December 2008 implementing Directive 2007/2/EC of the European Parliament and of the Council as regards metadata^^1981-08-31^^See the referenced specification||QI_Horizontal^^1981-08-31^^1||QI_Vertical^^1981-08-31^^3||QI_Age^^1981-08-31^^0||QI_Purpose^^1981-08-31^^3||Commission Regulation (EU) No 1089/2010 of 23 November 2010 implementing Directive 2007/2/EC of the European Parliament and of the Council as regards interoperability of spatial data sets and services.^^2010-12-08^^See the referenced specification||Dutch Standards for Hydrographic Surveys.^^2009-07-01^^This publication has been prepared in accordance with the 5th edition of the IHO S-44. The difference is||IHO S-44^^2008-02-01^^IHO S-44 provides a set of standards for the execution of hydrographic surveys for the collection of data which will primarily be used to compile navigational charts to be used for the safety of surface navigation and the protection of the marine environment.,"Royal Netherlands Navy, Hydrographic Service (574)",,web data access with registration,Creative Commons Attribution 4.0 International(CB),20250204,3814926,HY76LM07/v0,"Royal Netherlands Navy, Hydrographic Service (574)",1.147,0
NW VAN TEXEL,Marine geology (DS04)|Terrestrial (DS08),"Gravity, magnetics and bathymetry (G005)|Terrestrial (T001)",Bathymetry and Elevation(MBAN),xyz,1.0,67321,20250204,4.5273041725,4.767891407,53.4527511597,53.6440124512,World Geodetic System 84 (4326),surface (006),,Lowest Astronomical Tide (D01),24.2,32.5,Beyond the 12 NM boundary,19810601,08:00:00,19811001,17:00:00,0.01,Metres (ULAA),single-beam echosounders(156),20.0,Metres (ULAA),1.0,Days (UTAA),research vessel (31),Opnamebeleidsplan Hydrografie 1981,OBP NLHYD,19810101,Unknown,NLHY,19810601.0,"Royal Netherlands Navy, Hydrographic Service (574)","Royal Netherlands Navy, Hydrographic Service (574)",,,,,,,,COMMISSION REGULATION (EC) No 1205/2008 of 3 December 2008 implementing Directive 2007/2/EC of the European Parliament and of the Council as regards metadata^^1981-10-01^^See the referenced specification||QI_Horizontal^^1981-10-01^^1||QI_Vertical^^1981-10-01^^3||QI_Age^^1981-10-01^^0||QI_Purpose^^1981-10-01^^3||Commission Regulation (EU) No 1089/2010 of 23 November 2010 implementing Directive 2007/2/EC of the European Parliament and of the Council as regards interoperability of spatial data sets and services.^^2010-12-08^^See the referenced specification||Dutch Standards for Hydrographic Surveys.^^2009-07-01^^This publication has been prepared in accordance with the 5th edition of the IHO S-44. The difference is||IHO S-44^^2008-02-01^^IHO S-44 provides a set of standards for the execution of hydrographic surveys for the collection of data which will primarily be used to compile navigational charts to be used for the safety of surface navigation and the protection of the marine environment.,"Royal Netherlands Navy, Hydrographic Service (574)",,web data access with registration,Creative Commons Attribution 4.0 International(CB),20250204,3814927,HY76LM10/v0,"Royal Netherlands Navy, Hydrographic Service (574)",1.135,0
Off Botney Ground,Marine geology (DS04)|Terrestrial (DS08),"Gravity, magnetics and bathymetry (G005)|Terrestrial (T001)",Bathymetry and Elevation(MBAN),xyz,1.0,17105006,20220601,2.9576735497,3.7333981991,53.5972671509,54.0116462708,World Geodetic System 84 / UTM zone 31N (32631),surface (006),,Lowest Astronomical Tide (D01),33.47,52.77,Beyond the 12 NM boundary,20090804,00:00:00,20090818,23:59:59,,,multi-beam echosounders(157),20.0,Metres (ULAA),,,research vessel (31),Opnamebeleidsplan Hydrografie,OBP NLHYD,20000101,HOV,NLHY,20090804.0,"Royal Netherlands Navy, Hydrographic Service (574)","Royal Netherlands Navy, Hydrographic Service (574)",,,,,,,,Dutch Standards for Hydrographic Surveys^^2009-07-01^^This publication has been prepared in accordance with the 5th edition of the IHO S-44. The difference is that this publication is dedicated to hydrographic work as performed by the Dutch government. It therefore contains some important additions and extensions.||IHO S-44^^2008-02-01^^IHO S-44 provides a set of standards for the execution of hydrographic surveys for the collection of data which will primarily be used to compile navigational charts to be used for the safety of surface navigation and the protection of the marine environment.||QI_Horizontal^^2017-06-30^^4||QI_Purpose^^2017-06-30^^3||QI_Vertical^^2017-06-30^^3,"Royal Netherlands Navy, Hydrographic Service (574)",,web data access with registration,Creative Commons Attribution 4.0 International(CB),20220601,2174829,HY09406_mean_totaal/v1,"Royal Netherlands Navy, Hydrographic Service (574)",24.144,0
Off Botney Ground,Marine geology (DS04)|Terrestrial (DS08),"Gravity, magnetics and bathymetry (G005)|Terrestrial (T001)",Bathymetry and Elevation(MBAN),xyz,1.0,31892048,20220420,2.9800159931,3.7342917919,53.5328025818,53.9735565186,World Geodetic System 84 / UTM zone 31N (32631),surface (006),,Lowest Astronomical Tide (D01),31.3,50.63,Beyond the 12 NM boundary,20110707,00:00:00,20110928,23:59:59,,,multi-beam echosounders(157),,,,,research vessel (31),Opnamebeleidsplan Hydrografie,OBP NLHYD,20000101,HOV,NLHY,20110707.0,"Royal Netherlands Navy, Hydrographic Service (574)","Royal Netherlands Navy, Hydrographic Service (574)",,,,,,,,Dutch Standards for Hydrographic Surveys^^2009-07-01^^This publication has been prepared in accordance with the 5th edition of the IHO S-44. The difference is that this publication is dedicated to hydrographic work as performed by the Dutch government. It therefore contains some important additions and extensions.||IHO S-44^^2008-02-01^^IHO S-44 provides a set of standards for the execution of hydrographic surveys for the collection of data which will primarily be used to compile navigational charts to be used for the safety of surface navigation and the protection of the marine environment.||QI_Horizontal^^2017-06-30^^4||QI_Purpose^^2017-06-30^^3||QI_Vertical^^2017-06-30^^3,"Royal Netherlands Navy, Hydrographic Service (574)",,web data access with registration,Creative Commons Attribution 4.0 International(CB),20220420,2174866,HY11504_mean_totaal/v1,"Royal Netherlands Navy, Hydrographic Service (574)",24.528,0
Off Botney Ground,Marine geology (DS04)|Terrestrial (DS08),"Gravity, magnetics and bathymetry (G005)|Terrestrial (T001)",Bathymetry and Elevation(MBAN),xyz,1.0,4847721,20221019,2.9943892956,3.1854159832,53.4867210388,53.6970481873,World Geodetic System 84 / UTM zone 32N (32632),surface (006),,Lowest Astronomical Tide (D01),30.43,41.15,Beyond the 12 NM boundary,20090728,00:00:00,20090816,23:59:59,,,multi-beam echosounders(157),20.0,Metres (ULAA),,,research vessel (31),Opnamebeleidsplan Hydrografie,OBP NLHYD,20000101,HOV,NLHY,20090728.0,"Royal Netherlands Navy, Hydrographic Service (574)","Royal Netherlands Navy, Hydrographic Service (574)",,,,,,,,Dutch Standards for Hydrographic Surveys^^2009-07-01^^This publication has been prepared in accordance with the 5th edition of the IHO S-44. The difference is that this publication is dedicated to hydrographic work as performed by the Dutch government. It therefore contains some important additions and extensions.||IHO S-44^^2008-02-01^^IHO S-44 provides a set of standards for the execution of hydrographic surveys for the collection of data which will primarily be used to compile navigational charts to be used for the safety of surface navigation and the protection of the marine environment.||QI_Horizontal^^2017-06-30^^4||QI_Purpose^^2017-06-30^^3||QI_Vertical^^2017-06-30^^3,"Royal Netherlands Navy, Hydrographic Service (574)",,web data access with registration,Creative Commons Attribution 4.0 International(CB),20221019,2174832,HY09407_S_mean_totaal/v1,"Royal Netherlands Navy, Hydrographic Service (574)",23.812,1
Off Botney Ground,Marine geology (DS04)|Terrestrial (DS08),"Gravity, magnetics and bathymetry (G005)|Terrestrial (T001)",Bathymetry and Elevation(MBAN),xyz,1.0,5311199,20220601,3.4521086216,3.752240181,53.8832778931,53.9564743042,World Geodetic System 84 / UTM zone 31N (32631),surface (006),,Lowest Astronomical Tide (D01),36.33,42.6,Beyond the 12 NM boundary,20090728,00:00:00,20090816,23:59:59,,,multi-beam echosounders(157),20.0,Metres (ULAA),,,research vessel (31),Opnamebeleidsplan Hydrografie,OBP NLHYD,20000101,HOV,NLHY,20090728.0,"Royal Netherlands Navy, Hydrographic Service (574)","Royal Netherlands Navy, Hydrographic Service (574)",,,,,,,,Dutch Standards for Hydrographic Surveys^^2009-07-01^^This publication has been prepared in accordance with the 5th edition of the IHO S-44. The difference is that this publication is dedicated to hydrographic work as performed by the Dutch government. It therefore contains some important additions and extensions.||IHO S-44^^2008-02-01^^IHO S-44 provides a set of standards for the execution of hydrographic surveys for the collection of data which will primarily be used to compile navigational charts to be used for the safety of surface navigation and the protection of the marine environment.||QI_Horizontal^^2017-06-30^^4||QI_Purpose^^2017-06-30^^3||QI_Vertical^^2017-06-30^^3,"Royal Netherlands Navy, Hydrographic Service (574)",,web data access with registration,Creative Commons Attribution 4.0 International(CB),20220601,2174831,HY09407_N_mean_totaal/v1,"Royal Netherlands Navy, Hydrographic Service (574)",24.168,0
Off Botney Ground,Marine geology (DS04)|Terrestrial (DS08),"Gravity, magnetics and bathymetry (G005)|Terrestrial (T001)",Bathymetry and Elevation(MBAN),xyz,1.0,6710710,20220601,3.1416251659,3.4708015919,53.6756515503,53.9226837158,World Geodetic System 84 / UTM zone 31N (32631),surface (006),,Lowest Astronomical Tide (D01),34.79,44.19,Beyond the 12 NM boundary,20090728,00:00:00,20090816,23:59:59,,,multi-beam echosounders(157),20.0,Metres (ULAA),,,research vessel (31),Opnamebeleidsplan Hydrografie,OBP NLHYD,20000101,HOV,NLHY,20090728.0,"Royal Netherlands Navy, Hydrographic Service (574)","Royal Netherlands Navy, Hydrographic Service (574)",,,,,,,,Dutch Standards for Hydrographic Surveys^^2009-07-01^^This publication has been prepared in accordance with the 5th edition of the IHO S-44. The difference is that this publication is dedicated to hydrographic work as performed by the Dutch government. It therefore contains some important additions and extensions.||IHO S-44^^2008-02-01^^IHO S-44 provides a set of standards for the execution of hydrographic surveys for the collection of data which will primarily be used to compile navigational charts to be used for the safety of surface navigation and the protection of the marine environment.||QI_Horizontal^^2017-06-30^^4||QI_Purpose^^2017-06-30^^3||QI_Vertical^^2017-06-30^^3,"Royal Netherlands Navy, Hydrographic Service (574)",,web data access with registration,Creative Commons Attribution 4.0 International(CB),20220601,2174830,HY09407_C_mean_totaal/v1,"Royal Netherlands Navy, Hydrographic Service (574)",23.9,0
off vlieland,Marine geology (DS04)|Terrestrial (DS08),"Gravity, magnetics and bathymetry (G005)|Terrestrial (T001)",Bathymetry and Elevation(MBAN),xyz,1.0,4266793,20220420,4.5421895981,4.7038731575,53.2855606079,53.4686813354,World Geodetic System 84 / UTM zone 31N (32631),surface (006),,Lowest Astronomical Tide (D01),23.46,29.36,Both (Landward + beyond the 12 NM boundary),20111021,00:00:00,20111026,23:59:59,,,multi-beam echosounders(157),,,,,research vessel (31),Opnamebeleidsplan Hydrografie,OBP NLHYD,20000101,HOV,NLHY,20111021.0,"Royal Netherlands Navy, Hydrographic Service (574)","Royal Netherlands Navy, Hydrographic Service (574)",,,,,,,,Dutch Standards for Hydrographic Surveys^^2009-07-01^^This publication has been prepared in accordance with the 5th edition of the IHO S-44. The difference is that this publication is dedicated to hydrographic work as performed by the Dutch government. It therefore contains some important additions and extensions.||IHO S-44^^2008-02-01^^IHO S-44 provides a set of standards for the execution of hydrographic surveys for the collection of data which will primarily be used to compile navigational charts to be used for the safety of surface navigation and the protection of the marine environment.||QI_Horizontal^^2017-06-30^^4||QI_Purpose^^2017-06-30^^3||QI_Vertical^^2017-06-30^^3,"Royal Netherlands Navy, Hydrographic Service (574)",,web data access with registration,Creative Commons Attribution 4.0 International(CB),20220420,2174858,HY11310_mean_totaal/v1,"Royal Netherlands Navy, Hydrographic Service (574)",24.021,0
Off Vlieland ( W )Route Skagerrak ( NE )Route Skagerrak ( SW ),Marine geology (DS04)|Terrestrial (DS08),"Gravity, magnetics and bathymetry (G005)|Terrestrial (T001)",Bathymetry and Elevation(MBAN),xyz,1.0,13531135,20230111,4.6144042015,4.9225854874,53.4989395142,53.667388916,World Geodetic System 84 (4326),surface (006),,Lowest Astronomical Tide (D01),21.1,33.3,Both (Landward + beyond the 12 NM boundary),20220702,08:00:00,20220705,17:00:00,0.01,Metres (ULAA),multi-beam echosounders(157),20.0,Metres (ULAA),1.0,Days (UTAA),research vessel (31),Opnamebeleidsplan Hydrografie 2022,OBP NLHYD,20220101,HOV,NLHY,20220702.0,"Royal Netherlands Navy, Hydrographic Service (574)","Royal Netherlands Navy, Hydrographic Service (574)",,,,,,,,COMMISSION REGULATION (EC) No 1205/2008 of 3 December 2008 implementing Directive 2007/2/EC of the European Parliament and of the Council as regards metadata^^2022-07-05^^See the referenced specification||QI_Horizontal^^2022-07-05^^3||QI_Vertical^^2022-07-05^^4||QI_Age^^2022-07-05^^3||QI_Purpose^^2022-07-05^^3||Commission Regulation (EU) No 1089/2010 of 23 November 2010 implementing Directive 2007/2/EC of the European Parliament and of the Council as regards interoperability of spatial data sets and services.^^2010-12-08^^See the referenced specification||Dutch Standards for Hydrographic Surveys.^^2009-07-01^^This publication has been prepared in accordance with the 5th edition of the IHO S-44. The difference is||IHO S-44^^2008-02-01^^IHO S-44 provides a set of standards for the execution of hydrographic surveys for the collection of data which will primarily be used to compile navigational charts to be used for the safety of surface navigation and the protection of the marine environment.,"Royal Netherlands Navy, Hydrographic Service (574)",,web data access with registration,Creative Commons Attribution 4.0 International(CB),20230111,3466109,HY22307_311_312/v0,"Royal Netherlands Navy, Hydrographic Service (574)",24.105,0
Off Vlieland (E),Marine geology (DS04)|Terrestrial (DS08),"Gravity, magnetics and bathymetry (G005)|Terrestrial (T001)",Bathymetry and Elevation(MBAN),xyz,1.0,14483443,20230111,4.5895109177,5.1891956329,53.1842880249,53.4925270081,World Geodetic System 84 (4326),surface (006),,Lowest Astronomical Tide (D01),19.8,31.8,Landward side of the 12 NM boundary,20220522,08:00:00,20220702,17:00:00,0.01,Metres (ULAA),multi-beam echosounders(157),20.0,Metres (ULAA),1.0,Days (UTAA),research vessel (31),Opnamebeleidsplan Hydrografie 2022,OBP NLHYD,20220101,HOV,NLHY,20220522.0,"Royal Netherlands Navy, Hydrographic Service (574)","Royal Netherlands Navy, Hydrographic Service (574)",,,,,,,,Dutch Standards for Hydrographic Surveys.^^2009-07-01^^This publication has been prepared in accordance with the 5th edition of the IHO S-44. The difference is||IHO S-44^^2008-02-01^^IHO S-44 provides a set of standards for the execution of hydrographic surveys for the collection of data which will primarily be used to compile navigational charts to be used for the safety of surface navigation and the protection of the marine environment.||COMMISSION REGULATION (EC) No 1205/2008 of 3 December 2008 implementing Directive 2007/2/EC of the European Parliament and of the Council as regards metadata^^2022-07-02^^See the referenced specification||QI_Horizontal^^2022-07-02^^3||QI_Vertical^^2022-07-02^^4||QI_Age^^2022-07-02^^3||QI_Purpose^^2022-07-02^^3||Commission Regulation (EU) No 1089/2010 of 23 November 2010 implementing Directive 2007/2/EC of the European Parliament and of the Council as regards interoperability of spatial data sets and services.^^2010-12-08^^See the referenced specification,"Royal Netherlands Navy, Hydrographic Service (574)",,web data access with registration,Creative Commons Attribution 4.0 International(CB),20230111,3466114,HY22308/v0,"Royal Netherlands Navy, Hydrographic Service (574)",23.932,0
Off Vlieland (O),Marine geology (DS04)|Terrestrial (DS08),"Gravity, magnetics and bathymetry (G005)|Terrestrial (T001)",Bathymetry and Elevation(MBAN),xyz,1.0,8720729,20220420,4.6366229057,5.0128669739,53.2500648499,53.4549026489,World Geodetic System 84 / UTM zone 31N (32631),surface (006),,Lowest Astronomical Tide (D01),19.82,30.54,Landward side of the 12 NM boundary,20110213,00:00:00,20110602,23:59:59,,,multi-beam echosounders(157),20.0,Metres (ULAA),,,research vessel (31),Opnamebeleidsplan Hydrografie,OBP NLHYD,20000101,HOV,NLHY,20110213.0,"Royal Netherlands Navy, Hydrographic Service (574)","Royal Netherlands Navy, Hydrographic Service (574)",,,,,,,,Dutch Standards for Hydrographic Surveys^^2009-07-01^^This publication has been prepared in accordance with the 5th edition of the IHO S-44. The difference is that this publication is dedicated to hydrographic work as performed by the Dutch government. It therefore contains some important additions and extensions.||IHO S-44^^2008-02-01^^IHO S-44 provides a set of standards for the execution of hydrographic surveys for the collection of data which will primarily be used to compile navigational charts to be used for the safety of surface navigation and the protection of the marine environment.||QI_Horizontal^^2017-06-30^^4||QI_Purpose^^2017-06-30^^3||QI_Vertical^^2017-06-30^^3,"Royal Netherlands Navy, Hydrographic Service (574)",,web data access with registration,Creative Commons Attribution 4.0 International(CB),20220420,2174857,HY11308_mean_totaal/v1,"Royal Netherlands Navy, Hydrographic Service (574)",24.235,0
Oost-Friesland W-O,Marine geology (DS04)|Terrestrial (DS08),"Gravity, magnetics and bathymetry (G005)|Terrestrial (T001)",Bathymetry and Elevation(MBAN),xyz,1.0,23087503,20220420,4.988960743,6.0277290344,54.0680618286,54.1791343689,World Geodetic System 84 / UTM zone 31N (32631),surface (006),,Lowest Astronomical Tide (D01),32.5,41.56,Beyond the 12 NM boundary,20110929,00:00:00,20111119,23:59:59,,,multi-beam echosounders(157),20.0,Metres (ULAA),,,research vessel (31),Opnamebeleidsplan Hydrografie,OBP NLHYD,20000101,HOV,NLHY,20110929.0,"Royal Netherlands Navy, Hydrographic Service (574)","Royal Netherlands Navy, Hydrographic Service (574)",,,,,,,,Dutch Standards for Hydrographic Surveys^^2009-07-01^^This publication has been prepared in accordance with the 5th edition of the IHO S-44. The difference is that this publication is dedicated to hydrographic work as performed by the Dutch government. It therefore contains some important additions and extensions.||IHO S-44^^2008-02-01^^IHO S-44 provides a set of standards for the execution of hydrographic surveys for the collection of data which will primarily be used to compile navigational charts to be used for the safety of surface navigation and the protection of the marine environment.||QI_Horizontal^^2017-06-30^^4||QI_Purpose^^2017-06-30^^3||QI_Vertical^^2017-06-30^^3,"Royal Netherlands Navy, Hydrographic Service (574)",,web data access with registration,Creative Commons Attribution 4.0 International(CB),20220420,2174862,HY11401_512_mean_totaal/v1,"Royal Netherlands Navy, Hydrographic Service (574)",24.457,0
Petroland veld,Marine geology (DS04)|Terrestrial (DS08),"Gravity, magnetics and bathymetry (G005)|Terrestrial (T001)",Bathymetry and Elevation(MBAN),xyz,1.0,3785329,20250226,4.3805646896,4.5989646912,53.7490310669,53.8850097656,World Geodetic System 84 (4326),surface (006),,Lowest Astronomical Tide (D01),39.2,41.0,Beyond the 12 NM boundary,20061117,08:00:00,20061206,17:00:00,0.01,Metres (ULAA),multi-beam echosounders(157),20.0,Metres (ULAA),1.0,Days (UTAA),research vessel (31),Opnamebeleidsplan Hydrografie 2006,OBP NLHYD,20060101,Unknown,NLHY,20061117.0,"Royal Netherlands Navy, Hydrographic Service (574)","Royal Netherlands Navy, Hydrographic Service (574)",,,,,,,,COMMISSION REGULATION (EC) No 1205/2008 of 3 December 2008 implementing Directive 2007/2/EC of the European Parliament and of the Council as regards metadata^^2006-12-06^^See the referenced specification||QI_Horizontal^^2006-12-06^^3||QI_Vertical^^2006-12-06^^4||QI_Age^^2006-12-06^^1||QI_Purpose^^2006-12-06^^3||Commission Regulation (EU) No 1089/2010 of 23 November 2010 implementing Directive 2007/2/EC of the European Parliament and of the Council as regards interoperability of spatial data sets and services.^^2010-12-08^^See the referenced specification||Dutch Standards for Hydrographic Surveys.^^2009-07-01^^This publication has been prepared in accordance with the 5th edition of the IHO S-44. The difference is||IHO S-44^^2008-02-01^^IHO S-44 provides a set of standards for the execution of hydrographic surveys for the collection of data which will primarily be used to compile navigational charts to be used for the safety of surface navigation and the protection of the marine environment.,"Royal Netherlands Navy, Hydrographic Service (574)",,web data access with registration,Creative Commons Attribution 4.0 International(CB),20250226,2174773,HY05168-mean/v1,"Royal Netherlands Navy, Hydrographic Service (574)",23.501,0
Petroland Veld deel 2002,Marine geology (DS04)|Terrestrial (DS08),"Gravity, magnetics and bathymetry (G005)|Terrestrial (T001)",Bathymetry and Elevation(MBAN),xyz,1.0,7134255,20220406,4.6788592339,5.0270419121,53.6672172546,54.0204811096,World Geodetic System 84 / UTM zone 31N (32631),surface (006),,Lowest Astronomical Tide (D01),32.915,40.638,Beyond the 12 NM boundary,20190705,00:00:00,20190707,00:00:00,,,multi-beam echosounders(157),20.0,Metres (ULAA),,,research vessel (31),Opnamebeleidsplan Hydrografie,OBP NLHYD,20161101,,,,"Royal Netherlands Navy, Hydrographic Service (574)","Royal Netherlands Navy, Hydrographic Service (574)",,,,,,,,Dutch Standards for Hydrographic Surveys^^2009-07-01^^This publication has been prepared in accordance with the 5th edition of the IHO S-44. The difference is that this publication is dedicated to hydrographic work as performed by the Dutch government. It therefore contains some important additions and extensions.||IHO S-44^^2008-02-01^^IHO S-44 provides a set of standards for the execution of hydrographic surveys for the collection of data which will primarily be used to compile navigational charts to be used for the safety of surface navigation and the protection of the marine environment.||QI_Horizontal^^2019-11-19^^3||QI_Purpose^^2019-11-19^^3||QI_Vertical^^2019-11-19^^4,"Royal Netherlands Navy, Hydrographic Service (574)",,web data access with registration,Creative Commons Attribution 4.0 International(CB),20220406,2870089,HY19507A/v1,"Royal Netherlands Navy, Hydrographic Service (574)",23.778,0
Petroland Veld Noord,Marine geology (DS04)|Terrestrial (DS08),"Gravity, magnetics and bathymetry (G005)|Terrestrial (T001)",Bathymetry and Elevation(MBAN),xyz,1.0,1574897,20220601,4.5733942986,4.9602885246,53.806427002,54.0201148987,World Geodetic System 84 / UTM zone 31N (32631),surface (006),,Lowest Astronomical Tide (D01),37.24,41.81,Beyond the 12 NM boundary,20071004,00:00:00,20080706,23:59:59,,,multi-beam echosounders(157),20.0,Metres (ULAA),,,research vessel (31),Opnamebeleidsplan Hydrografie,OBP NLHYD,20000101,HOV,NLHY,20071004.0,"Royal Netherlands Navy, Hydrographic Service (574)","Royal Netherlands Navy, Hydrographic Service (574)",,,,,,,,Dutch Standards for Hydrographic Surveys^^2009-07-01^^This publication has been prepared in accordance with the 5th edition of the IHO S-44. The difference is that this publication is dedicated to hydrographic work as performed by the Dutch government. It therefore contains some important additions and extensions.||IHO S-44^^2008-02-01^^IHO S-44 provides a set of standards for the execution of hydrographic surveys for the collection of data which will primarily be used to compile navigational charts to be used for the safety of surface navigation and the protection of the marine environment.||QI_Horizontal^^2017-06-30^^4||QI_Purpose^^2017-06-30^^3||QI_Vertical^^2017-06-30^^3,"Royal Netherlands Navy, Hydrographic Service (574)",,web data access with registration,Creative Commons Attribution 4.0 International(CB),20220601,2174790,HY07507_Mean_totaal_Noord/v1,"Royal Netherlands Navy, Hydrographic Service (574)",1.969,0
Petroland Veld Zuid,Marine geology (DS04)|Terrestrial (DS08),"Gravity, magnetics and bathymetry (G005)|Terrestrial (T001)",Bathymetry and Elevation(MBAN),xyz,1.0,2191437,20220601,4.3954005241,4.7930932045,53.6423416138,53.8851699829,World Geodetic System 84 / UTM zone 31N (32631),surface (006),,Lowest Astronomical Tide (D01),37.24,41.81,Beyond the 12 NM boundary,20071004,00:00:00,20080706,23:59:59,,,multi-beam echosounders(157),20.0,Metres (ULAA),,,research vessel (31),Opnamebeleidsplan Hydrografie,OBP NLHYD,20000101,HOV,NLHY,20071004.0,"Royal Netherlands Navy, Hydrographic Service (574)","Royal Netherlands Navy, Hydrographic Service (574)",,,,,,,,Dutch Standards for Hydrographic Surveys^^2009-07-01^^This publication has been prepared in accordance with the 5th edition of the IHO S-44. The difference is that this publication is dedicated to hydrographic work as performed by the Dutch government. It therefore contains some important additions and extensions.||IHO S-44^^2008-02-01^^IHO S-44 provides a set of standards for the execution of hydrographic surveys for the collection of data which will primarily be used to compile navigational charts to be used for the safety of surface navigation and the protection of the marine environment.||QI_Horizontal^^2017-06-30^^4||QI_Purpose^^2017-06-30^^3||QI_Vertical^^2017-06-30^^3,"Royal Netherlands Navy, Hydrographic Service (574)",,web data access with registration,Creative Commons Attribution 4.0 International(CB),20220601,2174791,HY07507_Mean_totaal_Zuid/v1,"Royal Netherlands Navy, Hydrographic Service (574)",1.938,0
Puzzle Hole-SW,Marine geology (DS04)|Terrestrial (DS08),"Gravity, magnetics and bathymetry (G005)|Terrestrial (T001)",Bathymetry and Elevation(MBAN),xyz,1.0,145783922,20220406,3.2776639462,4.4773540497,53.966545105,54.3473320007,World Geodetic System 84 / UTM zone 31N (32631),surface (006),,Lowest Astronomical Tide (D01),36.8,49.5,Beyond the 12 NM boundary,20160404,00:00:00,20170507,00:00:00,,,multi-beam echosounders(157),20.0,Metres (ULAA),,,research vessel (31),Opnamebeleidsplan Hydrografie,OBP NLHYD,20161101,HOV,NLHY,20170507.0,"Royal Netherlands Navy, Hydrographic Service (574)","Royal Netherlands Navy, Hydrographic Service (574)",,,,,,,,Dutch Standards for Hydrographic Surveys^^2009-07-01^^This publication has been prepared in accordance with the 5th edition of the IHO S-44. The difference is that this publication is dedicated to hydrographic work as performed by the Dutch government. It therefore contains some important additions and extensions.||IHO S-44^^2008-02-01^^IHO S-44 provides a set of standards for the execution of hydrographic surveys for the collection of data which will primarily be used to compile navigational charts to be used for the safety of surface navigation and the protection of the marine environment.||QI_Horizontal^^2019-11-19^^3||QI_Purpose^^2019-11-19^^3||QI_Vertical^^2019-11-19^^4,"Royal Netherlands Navy, Hydrographic Service (574)",,web data access with registration,Creative Commons Attribution 4.0 International(CB),20220406,2870114,HY16514/v1,"Royal Netherlands Navy, Hydrographic Service (574)",24.099,0
Rottum-Texel-off Vlieland-Huib,Marine geology (DS04)|Terrestrial (DS08),"Gravity, magnetics and bathymetry (G005)|Terrestrial (T001)",Bathymetry and Elevation(MBAN),xyz,1.0,66314642,20220407,5.0925545692,6.3998026848,53.4149208069,53.7162704468,World Geodetic System 84 / UTM zone 31N (32631),surface (006),,Lowest Astronomical Tide (D01),10.606,27.66,Landward side of the 12 NM boundary,20130126,00:00:00,20131028,23:59:59,,,multi-beam echosounders(157),20.0,Metres (ULAA),,,research vessel (31),Opnamebeleidsplan Hydrografie,OBP NLHYD,20000101,HOV,NLHY,20130126.0,"Royal Netherlands Navy, Hydrographic Service (574)","Royal Netherlands Navy, Hydrographic Service (574)",,,,,,,,Dutch Standards for Hydrographic Surveys^^2009-07-01^^This publication has been prepared in accordance with the 5th edition of the IHO S-44. The difference is that this publication is dedicated to hydrographic work as performed by the Dutch government. It therefore contains some important additions and extensions.||IHO S-44^^2008-02-01^^IHO S-44 provides a set of standards for the execution of hydrographic surveys for the collection of data which will primarily be used to compile navigational charts to be used for the safety of surface navigation and the protection of the marine environment.||QI_Horizontal^^2017-06-30^^4||QI_Purpose^^2017-06-30^^3||QI_Vertical^^2017-06-30^^3,"Royal Netherlands Navy, Hydrographic Service (574)",,web data access with registration,Creative Commons Attribution 4.0 International(CB),20220407,2174888,HY13321-308-232_MeanTotaal/v1,"Royal Netherlands Navy, Hydrographic Service (574)",24.725,0
ROUTE DIEPGAANDE SCHEPEN,Marine geology (DS04)|Terrestrial (DS08),"Gravity, magnetics and bathymetry (G005)|Terrestrial (T001)",Bathymetry and Elevation(MBAN),xyz,1.0,3271,20250205,3.6467814445,3.7307813168,53.9429244995,53.9748916626,World Geodetic System 84 (4326),surface (006),,Lowest Astronomical Tide (D01),41.7,43.3,Beyond the 12 NM boundary,19730601,08:00:00,19730701,17:00:00,0.01,Metres (ULAA),single-beam echosounders(156),20.0,Metres (ULAA),1.0,Days (UTAA),research vessel (31),RWS 1973,OBP NLHYD,19730101,Unknown,NLHY,19730601.0,"Royal Netherlands Navy, Hydrographic Service (574)","Royal Netherlands Navy, Hydrographic Service (574)",,,,,,,,COMMISSION REGULATION (EC) No 1205/2008 of 3 December 2008 implementing Directive 2007/2/EC of the European Parliament and of the Council as regards metadata^^1973-07-01^^See the referenced specification||QI_Horizontal^^1973-07-01^^3||QI_Vertical^^1973-07-01^^3||QI_Age^^1973-07-01^^0||QI_Purpose^^1973-07-01^^3||Commission Regulation (EU) No 1089/2010 of 23 November 2010 implementing Directive 2007/2/EC of the European Parliament and of the Council as regards interoperability of spatial data sets and services.^^2010-12-08^^See the referenced specification||Dutch Standards for Hydrographic Surveys.^^2009-07-01^^This publication has been prepared in accordance with the 5th edition of the IHO S-44. The difference is||IHO S-44^^2008-02-01^^IHO S-44 provides a set of standards for the execution of hydrographic surveys for the collection of data which will primarily be used to compile navigational charts to be used for the safety of surface navigation and the protection of the marine environment.,"Royal Netherlands Navy, Hydrographic Service (574)",,web data access with registration,Creative Commons Attribution 4.0 International(CB),20250205,3819937,OP7LM3/v0,"Royal Netherlands Navy, Hydrographic Service (574)",1.132,0
ROUTE DIEPGAANDE SCHEPEN,Marine geology (DS04)|Terrestrial (DS08),"Gravity, magnetics and bathymetry (G005)|Terrestrial (T001)",Bathymetry and Elevation(MBAN),xyz,1.0,41155,20250205,3.0332460403,3.3106656075,53.6529541016,53.8634300232,World Geodetic System 84 (4326),surface (006),,Lowest Astronomical Tide (D01),32.9,49.9,Beyond the 12 NM boundary,19730801,08:00:00,19730901,17:00:00,0.01,Metres (ULAA),single-beam echosounders(156),20.0,Metres (ULAA),1.0,Days (UTAA),research vessel (31),RWS 1973,OBP NLHYD,19730101,Unknown,NLHY,19730801.0,"Royal Netherlands Navy, Hydrographic Service (574)","Royal Netherlands Navy, Hydrographic Service (574)",,,,,,,,COMMISSION REGULATION (EC) No 1205/2008 of 3 December 2008 implementing Directive 2007/2/EC of the European Parliament and of the Council as regards metadata^^1973-09-01^^See the referenced specification||QI_Horizontal^^1973-09-01^^3||QI_Vertical^^1973-09-01^^3||QI_Age^^1973-09-01^^0||QI_Purpose^^1973-09-01^^3||Commission Regulation (EU) No 1089/2010 of 23 November 2010 implementing Directive 2007/2/EC of the European Parliament and of the Council as regards interoperability of spatial data sets and services.^^2010-12-08^^See the referenced specification||Dutch Standards for Hydrographic Surveys.^^2009-07-01^^This publication has been prepared in accordance with the 5th edition of the IHO S-44. The difference is||IHO S-44^^2008-02-01^^IHO S-44 provides a set of standards for the execution of hydrographic surveys for the collection of data which will primarily be used to compile navigational charts to be used for the safety of surface navigation and the protection of the marine environment.,"Royal Netherlands Navy, Hydrographic Service (574)",,web data access with registration,Creative Commons Attribution 4.0 International(CB),20250205,3819939,OP7LM5/v0,"Royal Netherlands Navy, Hydrographic Service (574)",1.141,0
Route richting Skagerrak,Marine geology (DS04)|Terrestrial (DS08),"Gravity, magnetics and bathymetry (G005)|Terrestrial (T001)",Bathymetry and Elevation(MBAN),xyz,1.0,18767485,20240924,4.6040534973,5.6219716072,53.5807495117,54.4833755493,World Geodetic System 84 (4326),surface (006),,Lowest Astronomical Tide (D01),24.4,44.7,Beyond the 12 NM boundary,20020301,08:00:00,20020330,17:00:00,0.01,Metres (ULAA),single-beam echosounders(156),20.0,Metres (ULAA),1.0,Days (UTAA),research vessel (31),Opnamebeleidsplan Hydrografie 2002,OBP NLHYD,20020101,HOV,NLHY,20020301.0,"Royal Netherlands Navy, Hydrographic Service (574)","Royal Netherlands Navy, Hydrographic Service (574)",,,,,,,,COMMISSION REGULATION (EC) No 1205/2008 of 3 December 2008 implementing Directive 2007/2/EC of the European Parliament and of the Council as regards metadata^^2002-03-30^^See the referenced specification||QI_Horizontal^^2002-03-30^^3||QI_Vertical^^2002-03-30^^3||QI_Age^^2002-03-30^^1||QI_Purpose^^2002-03-30^^3||Commission Regulation (EU) No 1089/2010 of 23 November 2010 implementing Directive 2007/2/EC of the European Parliament and of the Council as regards interoperability of spatial data sets and services.^^2010-12-08^^See the referenced specification||Dutch Standards for Hydrographic Surveys.^^2009-07-01^^This publication has been prepared in accordance with the 5th edition of the IHO S-44. The difference is||IHO S-44^^2008-02-01^^IHO S-44 provides a set of standards for the execution of hydrographic surveys for the collection of data which will primarily be used to compile navigational charts to be used for the safety of surface navigation and the protection of the marine environment.,"Royal Netherlands Navy, Hydrographic Service (574)",,web data access with registration,Creative Commons Attribution 4.0 International(CB),20240924,2174749,HY02131/v1,"Royal Netherlands Navy, Hydrographic Service (574)",5.124,0
Route Skagarak,Marine geology (DS04)|Terrestrial (DS08),"Gravity, magnetics and bathymetry (G005)|Terrestrial (T001)",Bathymetry and Elevation(MBAN),xyz,1.0,10821315,20220407,4.6859250069,5.1323986053,53.6627807617,54.083480835,World Geodetic System 84 / UTM zone 31N (32631),surface (006),,Lowest Astronomical Tide (D01),31.94,41.126,Beyond the 12 NM boundary,20130731,00:00:00,20130907,23:59:59,,,multi-beam echosounders(157),20.0,Metres (ULAA),,,research vessel (31),Opnamebeleidsplan Hydrografie,OBP NLHYD,20000101,HOV,NLHY,20130731.0,"Royal Netherlands Navy, Hydrographic Service (574)","Royal Netherlands Navy, Hydrographic Service (574)",,,,,,,,QI_Horizontal^^2017-06-30^^4||QI_Purpose^^2017-06-30^^3||QI_Vertical^^2017-06-30^^3||IHO S-44^^2008-02-01^^IHO S-44 provides a set of standards for the execution of hydrographic surveys for the collection of data which will primarily be used to compile navigational charts to be used for the safety of surface navigation and the protection of the marine environment.||Dutch Standards for Hydrographic Surveys^^2009-07-01^^This publication has been prepared in accordance with the 5th edition of the IHO S-44. The difference is that this publication is dedicated to hydrographic work as performed by the Dutch government. It therefore contains some important additions and extensions.,"Royal Netherlands Navy, Hydrographic Service (574)",,web data access with registration,Creative Commons Attribution 4.0 International(CB),20220407,2174890,HY13411_412_mean_totaal/v1,"Royal Netherlands Navy, Hydrographic Service (574)",23.998,0
Route Skagarak,Marine geology (DS04)|Terrestrial (DS08),"Gravity, magnetics and bathymetry (G005)|Terrestrial (T001)",Bathymetry and Elevation(MBAN),xyz,1.0,14487901,20220407,4.8575882912,5.3347454071,53.6642417908,54.0970954895,World Geodetic System 84 / UTM zone 31N (32631),surface (006),,Lowest Astronomical Tide (D01),29.768,40.138,Beyond the 12 NM boundary,20130610,00:00:00,20130805,23:59:59,,,multi-beam echosounders(157),20.0,Metres (ULAA),,,research vessel (31),Opnamebeleidsplan Hydrografie,OBP NLHYD,20000101,HOV,NLHY,20130610.0,"Royal Netherlands Navy, Hydrographic Service (574)","Royal Netherlands Navy, Hydrographic Service (574)",,,,,,,,Dutch Standards for Hydrographic Surveys^^2009-07-01^^This publication has been prepared in accordance with the 5th edition of the IHO S-44. The difference is that this publication is dedicated to hydrographic work as performed by the Dutch government. It therefore contains some important additions and extensions.||IHO S-44^^2008-02-01^^IHO S-44 provides a set of standards for the execution of hydrographic surveys for the collection of data which will primarily be used to compile navigational charts to be used for the safety of surface navigation and the protection of the marine environment.||QI_Horizontal^^2017-06-30^^4||QI_Purpose^^2017-06-30^^3||QI_Vertical^^2017-06-30^^3,"Royal Netherlands Navy, Hydrographic Service (574)",,web data access with registration,Creative Commons Attribution 4.0 International(CB),20220407,2174891,HY13413-414_mean_totaal/v1,"Royal Netherlands Navy, Hydrographic Service (574)",24.194,0
Route Skagarak,Marine geology (DS04)|Terrestrial (DS08),"Gravity, magnetics and bathymetry (G005)|Terrestrial (T001)",Bathymetry and Elevation(MBAN),xyz,1.0,4661976,20220407,4.6682744026,4.8613119125,53.5947418213,53.6672477722,World Geodetic System 84 / UTM zone 31N (32631),surface (006),,Lowest Astronomical Tide (D01),25.035,32.202,Beyond the 12 NM boundary,20130512,00:00:00,20130514,23:59:59,,,multi-beam echosounders(157),20.0,Metres (ULAA),,,research vessel (31),Opnamebeleidsplan Hydrografie,OBP NLHYD,20000101,HOV,NLHY,20130512.0,"Royal Netherlands Navy, Hydrographic Service (574)","Royal Netherlands Navy, Hydrographic Service (574)",,,,,,,,Dutch Standards for Hydrographic Surveys^^2009-07-01^^This publication has been prepared in accordance with the 5th edition of the IHO S-44. The difference is that this publication is dedicated to hydrographic work as performed by the Dutch government. It therefore contains some important additions and extensions.||IHO S-44^^2008-02-01^^IHO S-44 provides a set of standards for the execution of hydrographic surveys for the collection of data which will primarily be used to compile navigational charts to be used for the safety of surface navigation and the protection of the marine environment.||QI_Horizontal^^2017-06-30^^4||QI_Purpose^^2017-06-30^^3||QI_Vertical^^2017-06-30^^3,"Royal Netherlands Navy, Hydrographic Service (574)",,web data access with registration,Creative Commons Attribution 4.0 International(CB),20220407,2174893,HY13417_mean_totaal/v1,"Royal Netherlands Navy, Hydrographic Service (574)",24.313,0
Route Skagarak,Marine geology (DS04)|Terrestrial (DS08),"Gravity, magnetics and bathymetry (G005)|Terrestrial (T001)",Bathymetry and Elevation(MBAN),xyz,1.0,8577556,20220407,5.103577137,5.4655222893,54.1003799438,54.4356460571,World Geodetic System 84 / UTM zone 31N (32631),surface (006),,Lowest Astronomical Tide (D01),40.812,43.068,Beyond the 12 NM boundary,20130805,00:00:00,20130908,23:59:59,,,multi-beam echosounders(157),20.0,Metres (ULAA),,,research vessel (31),Opnamebeleidsplan Hydrografie,OBP NLHYD,20000101,HOV,NLHY,20130805.0,"Royal Netherlands Navy, Hydrographic Service (574)","Royal Netherlands Navy, Hydrographic Service (574)",,,,,,,,Dutch Standards for Hydrographic Surveys^^2009-07-01^^This publication has been prepared in accordance with the 5th edition of the IHO S-44. The difference is that this publication is dedicated to hydrographic work as performed by the Dutch government. It therefore contains some important additions and extensions.||IHO S-44^^2008-02-01^^IHO S-44 provides a set of standards for the execution of hydrographic surveys for the collection of data which will primarily be used to compile navigational charts to be used for the safety of surface navigation and the protection of the marine environment.||QI_Horizontal^^2017-06-30^^4||QI_Purpose^^2017-06-30^^3||QI_Vertical^^2017-06-30^^3,"Royal Netherlands Navy, Hydrographic Service (574)",,web data access with registration,Creative Commons Attribution 4.0 International(CB),20220407,2174889,HY13410_mean_totaal/v1,"Royal Netherlands Navy, Hydrographic Service (574)",23.988,0
Route Skagarak zuid,Marine geology (DS04)|Terrestrial (DS08),"Gravity, magnetics and bathymetry (G005)|Terrestrial (T001)",Bathymetry and Elevation(MBAN),xyz,1.0,23816650,20220406,4.7376241684,5.2123150826,53.6663627625,54.0348892212,World Geodetic System 84 / UTM zone 31N (32631),surface (006),,Lowest Astronomical Tide (D01),30.497,39.768,Beyond the 12 NM boundary,20190718,00:00:00,20200901,00:00:00,,,multi-beam echosounders(157),20.0,Metres (ULAA),,,research vessel (31),Opnamebeleidsplan Hydrografie,OBP NLHYD,20161101,,,,"Royal Netherlands Navy, Hydrographic Service (574)","Royal Netherlands Navy, Hydrographic Service (574)",,,,,,,,Dutch Standards for Hydrographic Surveys^^2009-07-01^^This publication has been prepared in accordance with the 5th edition of the IHO S-44. The difference is that this publication is dedicated to hydrographic work as performed by the Dutch government. It therefore contains some important additions and extensions.||IHO S-44^^2008-02-01^^IHO S-44 provides a set of standards for the execution of hydrographic surveys for the collection of data which will primarily be used to compile navigational charts to be used for the safety of surface navigation and the protection of the marine environment.||QI_Horizontal^^2019-11-19^^3||QI_Purpose^^2019-11-19^^3||QI_Vertical^^2019-11-19^^4,"Royal Netherlands Navy, Hydrographic Service (574)",,web data access with registration,Creative Commons Attribution 4.0 International(CB),20220406,3175983,HY19508/v1,"Royal Netherlands Navy, Hydrographic Service (574)",24.524,0
Route Skagerak Noord,Marine geology (DS04)|Terrestrial (DS08),"Gravity, magnetics and bathymetry (G005)|Terrestrial (T001)",Bathymetry and Elevation(MBAN),xyz,1.0,19144547,20220406,5.1572790146,5.5493488312,54.1054916382,54.4202880859,World Geodetic System 84 / UTM zone 31N (32631),surface (006),,Lowest Astronomical Tide (D01),,,Beyond the 12 NM boundary,20190707,00:00:00,20190814,00:00:00,,,multi-beam echosounders(157),20.0,Metres (ULAA),,,research vessel (31),Opnamebeleidsplan Hydrografie,OBP NLHYD,20161101,,,,"Royal Netherlands Navy, Hydrographic Service (574)","Royal Netherlands Navy, Hydrographic Service (574)",,,,,,,,Dutch Standards for Hydrographic Surveys^^2009-07-01^^This publication has been prepared in accordance with the 5th edition of the IHO S-44. The difference is that this publication is dedicated to hydrographic work as performed by the Dutch government. It therefore contains some important additions and extensions.||IHO S-44^^2008-02-01^^IHO S-44 provides a set of standards for the execution of hydrographic surveys for the collection of data which will primarily be used to compile navigational charts to be used for the safety of surface navigation and the protection of the marine environment.||QI_Horizontal^^2019-11-19^^3||QI_Purpose^^2019-11-19^^3||QI_Vertical^^2019-11-19^^4,"Royal Netherlands Navy, Hydrographic Service (574)",,web data access with registration,Creative Commons Attribution 4.0 International(CB),20220406,2870088,HY19502/v1,"Royal Netherlands Navy, Hydrographic Service (574)",24.521,0
Route Skagerrak (NE),Marine geology (DS04)|Terrestrial (DS08),"Gravity, magnetics and bathymetry (G005)|Terrestrial (T001)",Bathymetry and Elevation(MBAN),xyz,1.0,2067665,20220420,4.8006153107,4.9229764938,53.6012077332,53.6672477722,World Geodetic System 84 / UTM zone 31N (32631),surface (006),,Lowest Astronomical Tide (D01),24.35,30.23,Beyond the 12 NM boundary,20100728,00:00:00,20100729,23:59:59,,,multi-beam echosounders(157),20.0,Metres (ULAA),,,research vessel (31),Opnamebeleidsplan Hydrografie,OBP NLHYD,20000101,HOV,NLHY,20100728.0,"Royal Netherlands Navy, Hydrographic Service (574)","Royal Netherlands Navy, Hydrographic Service (574)",,,,,,,,Dutch Standards for Hydrographic Surveys^^2009-07-01^^This publication has been prepared in accordance with the 5th edition of the IHO S-44. The difference is that this publication is dedicated to hydrographic work as performed by the Dutch government. It therefore contains some important additions and extensions.||IHO S-44^^2008-02-01^^IHO S-44 provides a set of standards for the execution of hydrographic surveys for the collection of data which will primarily be used to compile navigational charts to be used for the safety of surface navigation and the protection of the marine environment.||QI_Horizontal^^2017-06-30^^4||QI_Purpose^^2017-06-30^^3||QI_Vertical^^2017-06-30^^3,"Royal Netherlands Navy, Hydrographic Service (574)",,web data access with registration,Creative Commons Attribution 4.0 International(CB),20220420,2174839,HY10311_Mean_Totaal/v1,"Royal Netherlands Navy, Hydrographic Service (574)",23.934,0
Route Skagerrak (SW),Marine geology (DS04)|Terrestrial (DS08),"Gravity, magnetics and bathymetry (G005)|Terrestrial (T001)",Bathymetry and Elevation(MBAN),xyz,1.0,1838333,20220420,4.6190466881,4.7370142937,53.5917282104,53.6667175293,World Geodetic System 84 / UTM zone 31N (32631),surface (006),,Lowest Astronomical Tide (D01),26.5,32.5,Beyond the 12 NM boundary,20100728,00:00:00,20100729,23:59:59,,,multi-beam echosounders(157),20.0,Metres (ULAA),,,research vessel (31),Opnamebeleidsplan Hydrografie,OBP NLHYD,20000101,HOV,NLHY,20100728.0,"Royal Netherlands Navy, Hydrographic Service (574)","Royal Netherlands Navy, Hydrographic Service (574)",,,,,,,,QI_Horizontal^^2017-06-30^^4||Dutch Standards for Hydrographic Surveys^^2009-07-01^^This publication has been prepared in accordance with the 5th edition of the IHO S-44. The difference is that this publication is dedicated to hydrographic work as performed by the Dutch government. It therefore contains some important additions and extensions.||IHO S-44^^2008-02-01^^IHO S-44 provides a set of standards for the execution of hydrographic surveys for the collection of data which will primarily be used to compile navigational charts to be used for the safety of surface navigation and the protection of the marine environment.||QI_Purpose^^2017-06-30^^3||QI_Vertical^^2017-06-30^^3,"Royal Netherlands Navy, Hydrographic Service (574)",,web data access with registration,Creative Commons Attribution 4.0 International(CB),20220420,2174840,HY10312_Mean_Totaal/v1,"Royal Netherlands Navy, Hydrographic Service (574)",23.635,0
Schiermonnikoog - Ameland - Vlieland - TE Route Cat 1,Marine geology (DS04)|Terrestrial (DS08),"Gravity, magnetics and bathymetry (G005)|Terrestrial (T001)",Bathymetry and Elevation(MBAN),xyz,1.0,127731151,20250610,4.6593642235,6.3744597435,53.2170219421,53.7200775146,World Geodetic System 84 (4326),surface (006),,Lowest Astronomical Tide (D01),10.3,29.4,Landward side of the 12 NM boundary,20240213,08:00:00,20240526,17:00:00,0.01,Metres (ULAA),multi-beam echosounders(157),20.0,Metres (ULAA),1.0,Days (UTAA),research vessel (31),Opnamebeleidsplan Hydrografie 2024,OBP NLHYD,20240101,HOV,NLHY,20240213.0,"Royal Netherlands Navy, Hydrographic Service (574)","Royal Netherlands Navy, Hydrographic Service (574)",,,,,,,,COMMISSION REGULATION (EC) No 1205/2008 of 3 December 2008 implementing Directive 2007/2/EC of the European Parliament and of the Council as regards metadata^^2024-05-26^^See the referenced specification||QI_Horizontal^^2024-05-26^^3||QI_Vertical^^2024-05-26^^4||QI_Age^^2024-05-26^^3||QI_Purpose^^2024-05-26^^3||Commission Regulation (EU) No 1089/2010 of 23 November 2010 implementing Directive 2007/2/EC of the European Parliament and of the Council as regards interoperability of spatial data sets and services.^^2010-12-08^^See the referenced specification||Dutch Standards for Hydrographic Surveys.^^2009-07-01^^This publication has been prepared in accordance with the 5th edition of the IHO S-44. The difference is||IHO S-44^^2008-02-01^^IHO S-44 provides a set of standards for the execution of hydrographic surveys for the collection of data which will primarily be used to compile navigational charts to be used for the safety of surface navigation and the protection of the marine environment.,"Royal Netherlands Navy, Hydrographic Service (574)",,web data access with registration,Creative Commons Attribution 4.0 International(CB),20250610,3844669,HY24321ABC-115/v0,"Royal Netherlands Navy, Hydrographic Service (574)",24.686,0
TE ROUTE - West,Marine geology (DS04)|Terrestrial (DS08),"Gravity, magnetics and bathymetry (G005)|Terrestrial (T001)",Bathymetry and Elevation(MBAN),xyz,1.0,62987059,20250226,5.0082015991,5.6858611107,53.4521064758,53.7185668945,World Geodetic System 84 (4326),surface (006),,Lowest Astronomical Tide (D01),17.1,31.1,Both (Landward + beyond the 12 NM boundary),20050703,08:00:00,20060201,17:00:00,0.01,Metres (ULAA),multi-beam echosounders(157),20.0,Metres (ULAA),1.0,Days (UTAA),research vessel (31),Opnamebeleidsplan Hydrografie 2005,OBP NLHYD,20050101,Unknown,NLHY,20050703.0,"Royal Netherlands Navy, Hydrographic Service (574)","Royal Netherlands Navy, Hydrographic Service (574)",,,,,,,,COMMISSION REGULATION (EC) No 1205/2008 of 3 December 2008 implementing Directive 2007/2/EC of the European Parliament and of the Council as regards metadata^^2006-02-01^^See the referenced specification||QI_Horizontal^^2006-02-01^^3||QI_Vertical^^2006-02-01^^4||QI_Age^^2006-02-01^^1||QI_Purpose^^2006-02-01^^3||Commission Regulation (EU) No 1089/2010 of 23 November 2010 implementing Directive 2007/2/EC of the European Parliament and of the Council as regards interoperability of spatial data sets and services.^^2010-12-08^^See the referenced specification||Dutch Standards for Hydrographic Surveys.^^2009-07-01^^This publication has been prepared in accordance with the 5th edition of the IHO S-44. The difference is||IHO S-44^^2008-02-01^^IHO S-44 provides a set of standards for the execution of hydrographic surveys for the collection of data which will primarily be used to compile navigational charts to be used for the safety of surface navigation and the protection of the marine environment.,"Royal Netherlands Navy, Hydrographic Service (574)",,web data access with registration,Creative Commons Attribution 4.0 International(CB),20250226,2174767,HY05159-WEST-mean/v1,"Royal Netherlands Navy, Hydrographic Service (574)",24.741,0
TE Route cat 1,Marine geology (DS04)|Terrestrial (DS08),"Gravity, magnetics and bathymetry (G005)|Terrestrial (T001)",Bathymetry and Elevation(MBAN),xyz,1.0,7147131,20220406,5.1869039536,5.518846035,53.4919586182,53.5899047852,World Geodetic System 84 / UTM zone 31N (32631),surface (006),,Lowest Astronomical Tide (D01),,,Landward side of the 12 NM boundary,20171201,00:00:00,20180512,00:00:00,,,multi-beam echosounders(157),20.0,Metres (ULAA),,,research vessel (31),Opnamebeleidsplan Hydrografie,OBP NLHYD,20161101,,,,"Royal Netherlands Navy, Hydrographic Service (574)","Royal Netherlands Navy, Hydrographic Service (574)",,,,,,,,Dutch Standards for Hydrographic Surveys^^2009-07-01^^This publication has been prepared in accordance with the 5th edition of the IHO S-44. The difference is that this publication is dedicated to hydrographic work as performed by the Dutch government. It therefore contains some important additions and extensions.||IHO S-44^^2008-02-01^^IHO S-44 provides a set of standards for the execution of hydrographic surveys for the collection of data which will primarily be used to compile navigational charts to be used for the safety of surface navigation and the protection of the marine environment.||QI_Horizontal^^2019-11-19^^3||QI_Purpose^^2019-11-19^^3||QI_Vertical^^2019-11-19^^4,"Royal Netherlands Navy, Hydrographic Service (574)",,web data access with registration,Creative Commons Attribution 4.0 International(CB),20220406,2870103,HY18115/v1,"Royal Netherlands Navy, Hydrographic Service (574)",24.339,0
TE Route cat1,Marine geology (DS04)|Terrestrial (DS08),"Gravity, magnetics and bathymetry (G005)|Terrestrial (T001)",Bathymetry and Elevation(MBAN),xyz,1.0,48037218,20220420,5.0116009712,5.6855192184,53.4532585144,53.735660553,World Geodetic System 84 / UTM zone 31N (32631),surface (006),,Lowest Astronomical Tide (D01),20.046,30.416,Both (Landward + beyond the 12 NM boundary),20120705,00:00:00,20120910,23:59:59,,,multi-beam echosounders(157),20.0,Metres (ULAA),,,research vessel (31),Opnamebeleidsplan Hydrografie,OBP NLHYD,20161101,HOV,NLHY,20120705.0,"Royal Netherlands Navy, Hydrographic Service (574)","Royal Netherlands Navy, Hydrographic Service (574)",,,,,,,,Dutch Standards for Hydrographic Surveys^^2009-07-01^^This publication has been prepared in accordance with the 5th edition of the IHO S-44. The difference is that this publication is dedicated to hydrographic work as performed by the Dutch government. It therefore contains some important additions and extensions.||IHO S-44^^2008-02-01^^IHO S-44 provides a set of standards for the execution of hydrographic surveys for the collection of data which will primarily be used to compile navigational charts to be used for the safety of surface navigation and the protection of the marine environment.||QI_Horizontal^^2019-11-19^^3||QI_Purpose^^2019-11-19^^3||QI_Vertical^^2019-11-19^^4,"Royal Netherlands Navy, Hydrographic Service (574)",,web data access with registration,Creative Commons Attribution 4.0 International(CB),20220420,2174876,HY12115W_mean_totaal/v2,"Royal Netherlands Navy, Hydrographic Service (574)",24.771,0
TE-ROUTE,Marine geology (DS04)|Terrestrial (DS08),"Gravity, magnetics and bathymetry (G005)|Terrestrial (T001)",Bathymetry and Elevation(MBAN),xyz,1.0,1403341,20250116,5.2561359406,5.5301280022,53.5027618408,53.5792808533,World Geodetic System 84 (4326),surface (006),,Lowest Astronomical Tide (D01),16.8,22.0,Landward side of the 12 NM boundary,19951003,08:00:00,19951005,17:00:00,0.01,Metres (ULAA),single-beam echosounders(156),20.0,Metres (ULAA),1.0,Days (UTAA),research vessel (31),Opnamebeleidsplan Hydrografie 1995,OBP NLHYD,19950101,Unknown,NLHY,19951003.0,"Royal Netherlands Navy, Hydrographic Service (574)","Royal Netherlands Navy, Hydrographic Service (574)",,,,,,,,COMMISSION REGULATION (EC) No 1205/2008 of 3 December 2008 implementing Directive 2007/2/EC of the European Parliament and of the Council as regards metadata^^1995-10-05^^See the referenced specification||QI_Horizontal^^1995-10-05^^3||QI_Vertical^^1995-10-05^^3||QI_Age^^1995-10-05^^0||QI_Purpose^^1995-10-05^^3||Commission Regulation (EU) No 1089/2010 of 23 November 2010 implementing Directive 2007/2/EC of the European Parliament and of the Council as regards interoperability of spatial data sets and services.^^2010-12-08^^See the referenced specification||Dutch Standards for Hydrographic Surveys.^^2009-07-01^^This publication has been prepared in accordance with the 5th edition of the IHO S-44. The difference is||IHO S-44^^2008-02-01^^IHO S-44 provides a set of standards for the execution of hydrographic surveys for the collection of data which will primarily be used to compile navigational charts to be used for the safety of surface navigation and the protection of the marine environment.,"Royal Netherlands Navy, Hydrographic Service (574)",,web data access with registration,Creative Commons Attribution 4.0 International(CB),20250116,3782233,HY95041(1)1LM/v0,"Royal Netherlands Navy, Hydrographic Service (574)",5.424,0
TE-route,Marine geology (DS04)|Terrestrial (DS08),"Gravity, magnetics and bathymetry (G005)|Terrestrial (T001)",Bathymetry and Elevation(MBAN),xyz,1.0,1863766,20221110,5.2624998093,5.5239582062,53.5062484741,53.5770835876,World Geodetic System 84 / UTM zone 31N (32631),surface (006),,Lowest Astronomical Tide (D01),17.24,21.51,Landward side of the 12 NM boundary,20100930,08:00:00,20101007,17:00:00,0.01,Metres (ULAA),multi-beam echosounders(157),20.0,Metres (ULAA),1.0,Days (UTAA),research vessel (31),Opnamebeleidsplan Hydrografie 2010,OBP NLHYD,20100101,HOV,NLHY,20100930.0,"Royal Netherlands Navy, Hydrographic Service (574)","Royal Netherlands Navy, Hydrographic Service (574)",,,,,,,,QI_Horizontal^^2010-10-07^^3||QI_Vertical^^2010-10-07^^4||QI_Purpose^^2010-10-07^^3||Dutch Standards for Hydrographic Surveys^^2009-07-01^^This publication has been prepared in accordance with the 5th edition of the IHO S-44. The difference is||IHO S-44^^2008-02-01^^IHO S-44 provides a set of standards for the execution of hydrographic surveys for the collection of data which will primarily be used to compile navigational charts to be used for the safety of surface navigation and the protection of the marine environment.,"Royal Netherlands Navy, Hydrographic Service (574)",,web data access with registration,Creative Commons Attribution 4.0 International(CB),20221110,3455421,HY10115/v0,"Royal Netherlands Navy, Hydrographic Service (574)",24.052,1
TE-route,Marine geology (DS04)|Terrestrial (DS08),"Gravity, magnetics and bathymetry (G005)|Terrestrial (T001)",Bathymetry and Elevation(MBAN),xyz,1.0,50712643,20250116,4.6643943787,6.3922643661,53.3043251038,53.8660240173,World Geodetic System 84 (4326),surface (006),,Lowest Astronomical Tide (D01),15.6,31.4,Both (Landward + beyond the 12 NM boundary),19970401,08:00:00,19980930,17:00:00,0.01,Metres (ULAA),single-beam echosounders(156),20.0,Metres (ULAA),1.0,Days (UTAA),research vessel (31),Opnamebeleidsplan Hydrografie 1997,OBP NLHYD,19970101,Unknown,NLHY,19970401.0,"Royal Netherlands Navy, Hydrographic Service (574)","Royal Netherlands Navy, Hydrographic Service (574)",,,,,,,,COMMISSION REGULATION (EC) No 1205/2008 of 3 December 2008 implementing Directive 2007/2/EC of the European Parliament and of the Council as regards metadata^^1998-09-30^^See the referenced specification||QI_Horizontal^^1998-09-30^^3||QI_Vertical^^1998-09-30^^3||QI_Age^^1998-09-30^^1||QI_Purpose^^1998-09-30^^3||Commission Regulation (EU) No 1089/2010 of 23 November 2010 implementing Directive 2007/2/EC of the European Parliament and of the Council as regards interoperability of spatial data sets and services.^^2010-12-08^^See the referenced specification||Dutch Standards for Hydrographic Surveys.^^2009-07-01^^This publication has been prepared in accordance with the 5th edition of the IHO S-44. The difference is||IHO S-44^^2008-02-01^^IHO S-44 provides a set of standards for the execution of hydrographic surveys for the collection of data which will primarily be used to compile navigational charts to be used for the safety of surface navigation and the protection of the marine environment.,"Royal Netherlands Navy, Hydrographic Service (574)",,web data access with registration,Creative Commons Attribution 4.0 International(CB),20250116,3782345,HY97080/v0,"Royal Netherlands Navy, Hydrographic Service (574)",5.588,0
TE-ROUTE CAT.1 GEBIED,Marine geology (DS04)|Terrestrial (DS08),"Gravity, magnetics and bathymetry (G005)|Terrestrial (T001)",Bathymetry and Elevation(MBAN),xyz,1.0,690055,20250116,5.2595834732,5.5221886635,53.504119873,53.5775756836,World Geodetic System 84 (4326),surface (006),,Lowest Astronomical Tide (D01),17.0,22.0,Landward side of the 12 NM boundary,19901001,08:00:00,19901020,17:00:00,0.01,Metres (ULAA),single-beam echosounders(156),20.0,Metres (ULAA),1.0,Days (UTAA),research vessel (31),Opnamebeleidsplan Hydrografie 1990,OBP NLHYD,19900101,Unknown,NLHY,19901001.0,"Royal Netherlands Navy, Hydrographic Service (574)","Royal Netherlands Navy, Hydrographic Service (574)",,,,,,,,COMMISSION REGULATION (EC) No 1205/2008 of 3 December 2008 implementing Directive 2007/2/EC of the European Parliament and of the Council as regards metadata^^1990-10-20^^See the referenced specification||QI_Horizontal^^1990-10-20^^3||QI_Vertical^^1990-10-20^^3||QI_Age^^1990-10-20^^0||QI_Purpose^^1990-10-20^^3||Commission Regulation (EU) No 1089/2010 of 23 November 2010 implementing Directive 2007/2/EC of the European Parliament and of the Council as regards interoperability of spatial data sets and services.^^2010-12-08^^See the referenced specification||Dutch Standards for Hydrographic Surveys.^^2009-07-01^^This publication has been prepared in accordance with the 5th edition of the IHO S-44. The difference is||IHO S-44^^2008-02-01^^IHO S-44 provides a set of standards for the execution of hydrographic surveys for the collection of data which will primarily be used to compile navigational charts to be used for the safety of surface navigation and the protection of the marine environment.,"Royal Netherlands Navy, Hydrographic Service (574)",,web data access with registration,Creative Commons Attribution 4.0 International(CB),20250116,3782247,HY90012/v0,"Royal Netherlands Navy, Hydrographic Service (574)",2.839,0
TE-ROUTE CAT.1 GEBIED,Marine geology (DS04)|Terrestrial (DS08),"Gravity, magnetics and bathymetry (G005)|Terrestrial (T001)",Bathymetry and Elevation(MBAN),xyz,1.0,706771,20250204,5.2555441856,5.5275549889,53.50340271,53.5781173706,World Geodetic System 84 (4326),surface (006),,Lowest Astronomical Tide (D01),16.6,21.5,Landward side of the 12 NM boundary,19890607,08:00:00,19890731,17:00:00,0.01,Metres (ULAA),single-beam echosounders(156),20.0,Metres (ULAA),1.0,Days (UTAA),research vessel (31),Opnamebeleidsplan Hydrografie 1989,OBP NLHYD,19890101,Unknown,NLHY,19890607.0,"Royal Netherlands Navy, Hydrographic Service (574)","Royal Netherlands Navy, Hydrographic Service (574)",,,,,,,,COMMISSION REGULATION (EC) No 1205/2008 of 3 December 2008 implementing Directive 2007/2/EC of the European Parliament and of the Council as regards metadata^^1989-07-31^^See the referenced specification||QI_Horizontal^^1989-07-31^^1||QI_Vertical^^1989-07-31^^3||QI_Age^^1989-07-31^^0||QI_Purpose^^1989-07-31^^3||Commission Regulation (EU) No 1089/2010 of 23 November 2010 implementing Directive 2007/2/EC of the European Parliament and of the Council as regards interoperability of spatial data sets and services.^^2010-12-08^^See the referenced specification||Dutch Standards for Hydrographic Surveys.^^2009-07-01^^This publication has been prepared in accordance with the 5th edition of the IHO S-44. The difference is||IHO S-44^^2008-02-01^^IHO S-44 provides a set of standards for the execution of hydrographic surveys for the collection of data which will primarily be used to compile navigational charts to be used for the safety of surface navigation and the protection of the marine environment.,"Royal Netherlands Navy, Hydrographic Service (574)",,web data access with registration,Creative Commons Attribution 4.0 International(CB),20250204,3814912,HY77-78LM17/v0,"Royal Netherlands Navy, Hydrographic Service (574)",2.733,0
TE-ROUTE CAT.1-GEBIED,Marine geology (DS04)|Terrestrial (DS08),"Gravity, magnetics and bathymetry (G005)|Terrestrial (T001)",Bathymetry and Elevation(MBAN),xyz,1.0,724537,20250116,5.2598438263,5.526473999,53.5034408569,53.5771331787,World Geodetic System 84 (4326),surface (006),,Lowest Astronomical Tide (D01),17.1,21.5,Landward side of the 12 NM boundary,19940601,08:00:00,19940630,17:00:00,0.01,Metres (ULAA),single-beam echosounders(156),20.0,Metres (ULAA),1.0,Days (UTAA),research vessel (31),Opnamebeleidsplan Hydrografie 1994,OBP NLHYD,19940101,Unknown,NLHY,19940601.0,"Royal Netherlands Navy, Hydrographic Service (574)","Royal Netherlands Navy, Hydrographic Service (574)",,,,,,,,COMMISSION REGULATION (EC) No 1205/2008 of 3 December 2008 implementing Directive 2007/2/EC of the European Parliament and of the Council as regards metadata^^1994-06-30^^See the referenced specification||QI_Horizontal^^1994-06-30^^3||QI_Vertical^^1994-06-30^^3||QI_Age^^1994-06-30^^0||QI_Purpose^^1994-06-30^^3||Commission Regulation (EU) No 1089/2010 of 23 November 2010 implementing Directive 2007/2/EC of the European Parliament and of the Council as regards interoperability of spatial data sets and services.^^2010-12-08^^See the referenced specification||Dutch Standards for Hydrographic Surveys.^^2009-07-01^^This publication has been prepared in accordance with the 5th edition of the IHO S-44. The difference is||IHO S-44^^2008-02-01^^IHO S-44 provides a set of standards for the execution of hydrographic surveys for the collection of data which will primarily be used to compile navigational charts to be used for the safety of surface navigation and the protection of the marine environment.,"Royal Netherlands Navy, Hydrographic Service (574)",,web data access with registration,Creative Commons Attribution 4.0 International(CB),20250116,3782261,HY94041/v0,"Royal Netherlands Navy, Hydrographic Service (574)",2.855,0
Terschelling - German Bight,Marine geology (DS04)|Terrestrial (DS08),"Gravity, magnetics and bathymetry (G005)|Terrestrial (T001)",Bathymetry and Elevation(MBAN),xyz,1.0,21680133,20220406,4.7244281769,5.5248780251,53.3759727478,53.5950508118,World Geodetic System 84 / UTM zone 31N (32631),surface (006),,Lowest Astronomical Tide (D01),,,Both (Landward + beyond the 12 NM boundary),20150410,00:00:00,20150515,23:59:59,,,multi-beam echosounders(157),20.0,Metres (ULAA),,,research vessel (31),Opnamebeleidsplan Hydrografie,OBP NLHYD,20000101,HOV,NLHY,20210205.0,"Royal Netherlands Navy, Hydrographic Service (574)","Royal Netherlands Navy, Hydrographic Service (574)",,,,,,,,Dutch Standards for Hydrographic Surveys^^2009-07-01^^This publication has been prepared in accordance with the 5th edition of the IHO S-44. The difference is that this publication is dedicated to hydrographic work as performed by the Dutch government. It therefore contains some important additions and extensions.||IHO S-44^^2008-02-01^^IHO S-44 provides a set of standards for the execution of hydrographic surveys for the collection of data which will primarily be used to compile navigational charts to be used for the safety of surface navigation and the protection of the marine environment.||QI_Horizontal^^2017-06-30^^4||QI_Purpose^^2017-06-30^^3||QI_Vertical^^2017-06-30^^3,"Royal Netherlands Navy, Hydrographic Service (574)",,web data access with registration,Creative Commons Attribution 4.0 International(CB),20220406,2613170,HY15115_202_MeanTotaal/v1,"Royal Netherlands Navy, Hydrographic Service (574)",24.398,0
Terschelling - German Bight ( W )Vlieland North ( E ),Marine geology (DS04)|Terrestrial (DS08),"Gravity, magnetics and bathymetry (G005)|Terrestrial (T001)",Bathymetry and Elevation(MBAN),xyz,1.0,64942285,20230111,4.7753429413,6.2851371765,53.4831466675,53.835811615,World Geodetic System 84 (4326),surface (006),,Lowest Astronomical Tide (D01),19.1,31.1,Both (Landward + beyond the 12 NM boundary),20220424,08:00:00,20220614,17:00:00,0.01,Metres (ULAA),multi-beam echosounders(157),20.0,Metres (ULAA),1.0,Days (UTAA),research vessel (31),Opnamebeleidsplan Hydrografie 2022,OBP NLHYD,20220101,HOV,NLHY,20220424.0,"Royal Netherlands Navy, Hydrographic Service (574)","Royal Netherlands Navy, Hydrographic Service (574)",,,,,,,,QI_Horizontal^^2022-06-14^^3||QI_Vertical^^2022-06-14^^4||QI_Age^^2022-06-14^^3||QI_Purpose^^2022-06-14^^3||Commission Regulation (EU) No 1089/2010 of 23 November 2010 implementing Directive 2007/2/EC of the European Parliament and of the Council as regards interoperability of spatial data sets and services.^^2010-12-08^^See the referenced specification||Dutch Standards for Hydrographic Surveys.^^2009-07-01^^This publication has been prepared in accordance with the 5th edition of the IHO S-44. The difference is||IHO S-44^^2008-02-01^^IHO S-44 provides a set of standards for the execution of hydrographic surveys for the collection of data which will primarily be used to compile navigational charts to be used for the safety of surface navigation and the protection of the marine environment.||COMMISSION REGULATION (EC) No 1205/2008 of 3 December 2008 implementing Directive 2007/2/EC of the European Parliament and of the Council as regards metadata^^2022-06-14^^See the referenced specification,"Royal Netherlands Navy, Hydrographic Service (574)",,web data access with registration,Creative Commons Attribution 4.0 International(CB),20230111,3466117,HY22201_306/v0,"Royal Netherlands Navy, Hydrographic Service (574)",24.535,0
Terschelling German Bight,Marine geology (DS04)|Terrestrial (DS08),"Gravity, magnetics and bathymetry (G005)|Terrestrial (T001)",Bathymetry and Elevation(MBAN),xyz,1.0,42255145,20250610,4.7442598343,6.3156218529,53.4388961792,53.7934532166,World Geodetic System 84 (4326),surface (006),,Lowest Astronomical Tide (D01),19.1,30.1,Both (Landward + beyond the 12 NM boundary),20230821,08:00:00,20231018,17:00:00,0.01,Metres (ULAA),multi-beam echosounders(157),20.0,Metres (ULAA),1.0,Days (UTAA),research vessel (31),Opnamebeleidsplan Hydrografie 2023,OBP NLHYD,20230101,Unknown,NLHY,20230821.0,"Royal Netherlands Navy, Hydrographic Service (574)","Royal Netherlands Navy, Hydrographic Service (574)",,,,,,,,COMMISSION REGULATION (EC) No 1205/2008 of 3 December 2008 implementing Directive 2007/2/EC of the European Parliament and of the Council as regards metadata^^2023-10-18^^See the referenced specification||QI_Horizontal^^2023-10-18^^3||QI_Vertical^^2023-10-18^^4||QI_Age^^2023-10-18^^3||QI_Purpose^^2023-10-18^^3||Commission Regulation (EU) No 1089/2010 of 23 November 2010 implementing Directive 2007/2/EC of the European Parliament and of the Council as regards interoperability of spatial data sets and services.^^2010-12-08^^See the referenced specification||Dutch Standards for Hydrographic Surveys.^^2009-07-01^^This publication has been prepared in accordance with the 5th edition of the IHO S-44. The difference is||IHO S-44^^2008-02-01^^IHO S-44 provides a set of standards for the execution of hydrographic surveys for the collection of data which will primarily be used to compile navigational charts to be used for the safety of surface navigation and the protection of the marine environment.,"Royal Netherlands Navy, Hydrographic Service (574)",,web data access with registration,Creative Commons Attribution 4.0 International(CB),20250610,3844667,HY23305/v0,"Royal Netherlands Navy, Hydrographic Service (574)",24.264,0
Terschelling German Bight W,Marine geology (DS04)|Terrestrial (DS08),"Gravity, magnetics and bathymetry (G005)|Terrestrial (T001)",Bathymetry and Elevation(MBAN),xyz,1.0,40770572,20220406,4.7773189545,6.2851371765,53.4842376709,53.835811615,World Geodetic System 84 / UTM zone 31N (32631),surface (006),,Lowest Astronomical Tide (D01),20.212,30.407,Both (Landward + beyond the 12 NM boundary),20170509,00:00:00,20170817,00:00:00,,,multi-beam echosounders(157),20.0,Metres (ULAA),,,research vessel (31),Opnamebeleidsplan Hydrografie,OBP NLHYD,20161101,HOV,NLHY,20170509.0,"Royal Netherlands Navy, Hydrographic Service (574)","Royal Netherlands Navy, Hydrographic Service (574)",,,,,,,,Dutch Standards for Hydrographic Surveys^^2009-07-01^^This publication has been prepared in accordance with the 5th edition of the IHO S-44. The difference is that this publication is dedicated to hydrographic work as performed by the Dutch government. It therefore contains some important additions and extensions.||IHO S-44^^2008-02-01^^IHO S-44 provides a set of standards for the execution of hydrographic surveys for the collection of data which will primarily be used to compile navigational charts to be used for the safety of surface navigation and the protection of the marine environment.||QI_Horizontal^^2019-11-19^^3||QI_Purpose^^2019-11-19^^3||QI_Vertical^^2019-11-19^^4,"Royal Netherlands Navy, Hydrographic Service (574)",,web data access with registration,Creative Commons Attribution 4.0 International(CB),20220406,2870118,HY17201/v1,"Royal Netherlands Navy, Hydrographic Service (574)",24.501,0
Terschelling/Ger Bight/Vlie N,Marine geology (DS04)|Terrestrial (DS08),"Gravity, magnetics and bathymetry (G005)|Terrestrial (T001)",Bathymetry and Elevation(MBAN),xyz,1.0,17192789,20220420,4.7424507141,5.1154928207,53.439163208,53.6193237305,World Geodetic System 84 / UTM zone 31N (32631),surface (006),,Lowest Astronomical Tide (D01),19.17,28.32,Both (Landward + beyond the 12 NM boundary),20101217,00:00:00,20110121,23:59:59,,,multi-beam echosounders(157),20.0,Metres (ULAA),,,research vessel (31),Opnamebeleidsplan Hydrografie,OBP NLHYD,20000101,HOV,NLHY,20101217.0,"Royal Netherlands Navy, Hydrographic Service (574)","Royal Netherlands Navy, Hydrographic Service (574)",,,,,,,,Dutch Standards for Hydrographic Surveys^^2009-07-01^^This publication has been prepared in accordance with the 5th edition of the IHO S-44. The difference is that this publication is dedicated to hydrographic work as performed by the Dutch government. It therefore contains some important additions and extensions.||IHO S-44^^2008-02-01^^IHO S-44 provides a set of standards for the execution of hydrographic surveys for the collection of data which will primarily be used to compile navigational charts to be used for the safety of surface navigation and the protection of the marine environment.||QI_Horizontal^^2017-06-30^^4||QI_Purpose^^2017-06-30^^3||QI_Vertical^^2017-06-30^^3,"Royal Netherlands Navy, Hydrographic Service (574)",,web data access with registration,Creative Commons Attribution 4.0 International(CB),20220420,2174853,HY11201-305-306-Combi-MeanTota/v1,"Royal Netherlands Navy, Hydrographic Service (574)",24.615,0
"Texel-Rottum, vak 1",Marine geology (DS04)|Terrestrial (DS08),"Gravity, magnetics and bathymetry (G005)|Terrestrial (T001)",Bathymetry and Elevation(MBAN),xyz,1.0,16677901,20250226,4.6728129387,5.0352735519,53.2117347717,53.4351425171,World Geodetic System 84 (4326),surface (006),,Lowest Astronomical Tide (D01),11.2,26.1,Landward side of the 12 NM boundary,20050906,08:00:00,20060223,17:00:00,0.01,Metres (ULAA),multi-beam echosounders(157),20.0,Metres (ULAA),1.0,Days (UTAA),research vessel (31),Opnamebeleidsplan Hydrografie 2005,OBP NLHYD,20050101,Unknown,NLHY,20050906.0,"Royal Netherlands Navy, Hydrographic Service (574)","Royal Netherlands Navy, Hydrographic Service (574)",,,,,,,,COMMISSION REGULATION (EC) No 1205/2008 of 3 December 2008 implementing Directive 2007/2/EC of the European Parliament and of the Council as regards metadata^^2006-02-23^^See the referenced specification||QI_Horizontal^^2006-02-23^^3||QI_Vertical^^2006-02-23^^4||QI_Age^^2006-02-23^^1||QI_Purpose^^2006-02-23^^3||Commission Regulation (EU) No 1089/2010 of 23 November 2010 implementing Directive 2007/2/EC of the European Parliament and of the Council as regards interoperability of spatial data sets and services.^^2010-12-08^^See the referenced specification||Dutch Standards for Hydrographic Surveys.^^2009-07-01^^This publication has been prepared in accordance with the 5th edition of the IHO S-44. The difference is||IHO S-44^^2008-02-01^^IHO S-44 provides a set of standards for the execution of hydrographic surveys for the collection of data which will primarily be used to compile navigational charts to be used for the safety of surface navigation and the protection of the marine environment.,"Royal Netherlands Navy, Hydrographic Service (574)",,web data access with registration,Creative Commons Attribution 4.0 International(CB),20250226,2174768,HY05160-1-mean-totaal/v1,"Royal Netherlands Navy, Hydrographic Service (574)",24.345,0
"Texel-Rottum, vak 2",Marine geology (DS04)|Terrestrial (DS08),"Gravity, magnetics and bathymetry (G005)|Terrestrial (T001)",Bathymetry and Elevation(MBAN),xyz,1.0,25538389,20250226,4.9950289726,5.5310530663,53.3775253296,53.5560493469,World Geodetic System 84 (4326),surface (006),,Lowest Astronomical Tide (D01),11.6,26.7,Landward side of the 12 NM boundary,20060113,08:00:00,20060610,17:00:00,0.01,Metres (ULAA),multi-beam echosounders(157),20.0,Metres (ULAA),1.0,Days (UTAA),research vessel (31),Opnamebeleidsplan Hydrografie 2006,OBP NLHYD,20060101,Unknown,NLHY,20060113.0,"Royal Netherlands Navy, Hydrographic Service (574)","Royal Netherlands Navy, Hydrographic Service (574)",,,,,,,,COMMISSION REGULATION (EC) No 1205/2008 of 3 December 2008 implementing Directive 2007/2/EC of the European Parliament and of the Council as regards metadata^^2006-06-10^^See the referenced specification||QI_Horizontal^^2006-06-10^^3||QI_Vertical^^2006-06-10^^4||QI_Age^^2006-06-10^^1||QI_Purpose^^2006-06-10^^3||Commission Regulation (EU) No 1089/2010 of 23 November 2010 implementing Directive 2007/2/EC of the European Parliament and of the Council as regards interoperability of spatial data sets and services.^^2010-12-08^^See the referenced specification||Dutch Standards for Hydrographic Surveys.^^2009-07-01^^This publication has been prepared in accordance with the 5th edition of the IHO S-44. The difference is||IHO S-44^^2008-02-01^^IHO S-44 provides a set of standards for the execution of hydrographic surveys for the collection of data which will primarily be used to compile navigational charts to be used for the safety of surface navigation and the protection of the marine environment.,"Royal Netherlands Navy, Hydrographic Service (574)",,web data access with registration,Creative Commons Attribution 4.0 International(CB),20250226,2174769,HY05160-2-mean-totaal/v1,"Royal Netherlands Navy, Hydrographic Service (574)",24.526,0
TSS Terschelling - German Bight,Marine geology (DS04)|Terrestrial (DS08),"Gravity, magnetics and bathymetry (G005)|Terrestrial (T001)",Bathymetry and Elevation(MBAN),xyz,1.0,66956899,20230111,4.7232952118,6.3543658257,53.3789482117,53.767742157,World Geodetic System 84 (4326),surface (006),,Lowest Astronomical Tide (D01),17.0,31.1,Both (Landward + beyond the 12 NM boundary),20210201,08:00:00,20210307,17:00:00,0.01,Metres (ULAA),multi-beam echosounders(157),20.0,Metres (ULAA),1.0,Days (UTAA),research vessel (31),Opnamebeleidsplan Hydrografie 2021,OBP NLHYD,20210101,HOV,NLHY,20210201.0,"Royal Netherlands Navy, Hydrographic Service (574)","Royal Netherlands Navy, Hydrographic Service (574)",,,,,,,,COMMISSION REGULATION (EC) No 1205/2008 of 3 December 2008 implementing Directive 2007/2/EC of the European Parliament and of the Council as regards metadata^^2021-03-07^^See the referenced specification||QI_Horizontal^^2021-03-07^^3||QI_Vertical^^2021-03-07^^4||QI_Age^^2021-03-07^^3||QI_Purpose^^2021-03-07^^3||Commission Regulation (EU) No 1089/2010 of 23 November 2010 implementing Directive 2007/2/EC of the European Parliament and of the Council as regards interoperability of spatial data sets and services.^^2010-12-08^^See the referenced specification||Dutch Standards for Hydrographic Surveys.^^2009-07-01^^This publication has been prepared in accordance with the 5th edition of the IHO S-44. The difference is||IHO S-44^^2008-02-01^^IHO S-44 provides a set of standards for the execution of hydrographic surveys for the collection of data which will primarily be used to compile navigational charts to be used for the safety of surface navigation and the protection of the marine environment.,"Royal Netherlands Navy, Hydrographic Service (574)",,web data access with registration,Creative Commons Attribution 4.0 International(CB),20230111,3286203,HY21202_115/v1,"Royal Netherlands Navy, Hydrographic Service (574)",24.504,0
TSS WEST-FRIESLAND NOORDGAAND,Marine geology (DS04)|Terrestrial (DS08),"Gravity, magnetics and bathymetry (G005)|Terrestrial (T001)",Bathymetry and Elevation(MBAN),xyz,1.0,9504595,20250116,3.5962693691,4.7782936096,53.3236083984,54.0074272156,World Geodetic System 84 (4326),surface (006),,Lowest Astronomical Tide (D01),25.7,42.9,Beyond the 12 NM boundary,19950501,08:00:00,19950531,17:00:00,0.01,Metres (ULAA),single-beam echosounders(156),20.0,Metres (ULAA),1.0,Days (UTAA),research vessel (31),Opnamebeleidsplan Hydrografie 1995,OBP NLHYD,19950101,Unknown,NLHY,19950501.0,"Royal Netherlands Navy, Hydrographic Service (574)","Royal Netherlands Navy, Hydrographic Service (574)",,,,,,,,COMMISSION REGULATION (EC) No 1205/2008 of 3 December 2008 implementing Directive 2007/2/EC of the European Parliament and of the Council as regards metadata^^1995-05-31^^See the referenced specification||QI_Horizontal^^1995-05-31^^3||QI_Vertical^^1995-05-31^^3||QI_Age^^1995-05-31^^0||QI_Purpose^^1995-05-31^^3||Commission Regulation (EU) No 1089/2010 of 23 November 2010 implementing Directive 2007/2/EC of the European Parliament and of the Council as regards interoperability of spatial data sets and services.^^2010-12-08^^See the referenced specification||Dutch Standards for Hydrographic Surveys.^^2009-07-01^^This publication has been prepared in accordance with the 5th edition of the IHO S-44. The difference is||IHO S-44^^2008-02-01^^IHO S-44 provides a set of standards for the execution of hydrographic surveys for the collection of data which will primarily be used to compile navigational charts to be used for the safety of surface navigation and the protection of the marine environment.,"Royal Netherlands Navy, Hydrographic Service (574)",,web data access with registration,Creative Commons Attribution 4.0 International(CB),20250116,3782283,HY95061/v0,"Royal Netherlands Navy, Hydrographic Service (574)",5.795,0
TSS West-Friesland Zuidgaand,Marine geology (DS04)|Terrestrial (DS08),"Gravity, magnetics and bathymetry (G005)|Terrestrial (T001)",Bathymetry and Elevation(MBAN),xyz,1.0,3381709,20240923,3.4611458778,4.2547421455,53.359752655,53.9689178467,World Geodetic System 84 (4326),surface (006),,Lowest Astronomical Tide (D01),25.6,42.6,Beyond the 12 NM boundary,19950601,08:00:00,19950910,17:00:00,0.01,Metres (ULAA),single-beam echosounders(156),20.0,Metres (ULAA),1.0,Days (UTAA),research vessel (31),Opnamebeleidsplan Hydrografie 1995,OBP NLHYD,19950101,HOV,NLHY,19950601.0,"Royal Netherlands Navy, Hydrographic Service (574)","Royal Netherlands Navy, Hydrographic Service (574)",,,,,,,,COMMISSION REGULATION (EC) No 1205/2008 of 3 December 2008 implementing Directive 2007/2/EC of the European Parliament and of the Council as regards metadata^^1995-09-10^^See the referenced specification||QI_Horizontal^^1995-09-10^^3||QI_Vertical^^1995-09-10^^3||QI_Age^^1995-09-10^^1||QI_Purpose^^1995-09-10^^3||Commission Regulation (EU) No 1089/2010 of 23 November 2010 implementing Directive 2007/2/EC of the European Parliament and of the Council as regards interoperability of spatial data sets and services.^^2010-12-08^^See the referenced specification||Dutch Standards for Hydrographic Surveys.^^2009-07-01^^This publication has been prepared in accordance with the 5th edition of the IHO S-44. The difference is||IHO S-44^^2008-02-01^^IHO S-44 provides a set of standards for the execution of hydrographic surveys for the collection of data which will primarily be used to compile navigational charts to be used for the safety of surface navigation and the protection of the marine environment.,"Royal Netherlands Navy, Hydrographic Service (574)",,web data access with registration,Creative Commons Attribution 4.0 International(CB),20240923,2174926,HY95062/v1,"Royal Netherlands Navy, Hydrographic Service (574)",2.97,0
Vlieland - Texel,Marine geology (DS04)|Terrestrial (DS08),"Gravity, magnetics and bathymetry (G005)|Terrestrial (T001)",Bathymetry and Elevation(MBAN),xyz,1.0,53416687,20250610,3.8916339874,4.7498002052,52.9416465759,53.5938720703,World Geodetic System 84 (4326),surface (006),,Lowest Astronomical Tide (D01),23.4,36.6,Both (Landward + beyond the 12 NM boundary),20240611,08:00:00,20240919,17:00:00,0.01,Metres (ULAA),multi-beam echosounders(157),20.0,Metres (ULAA),1.0,Days (UTAA),research vessel (31),Opnamebeleidsplan Hydrografie 2024,OBP NLHYD,20240101,HOV,NLHY,20240611.0,"Royal Netherlands Navy, Hydrographic Service (574)","Royal Netherlands Navy, Hydrographic Service (574)",,,,,,,,COMMISSION REGULATION (EC) No 1205/2008 of 3 December 2008 implementing Directive 2007/2/EC of the European Parliament and of the Council as regards metadata^^2024-09-19^^See the referenced specification||QI_Horizontal^^2024-09-19^^3||QI_Vertical^^2024-09-19^^4||QI_Age^^2024-09-19^^3||QI_Purpose^^2024-09-19^^3||Commission Regulation (EU) No 1089/2010 of 23 November 2010 implementing Directive 2007/2/EC of the European Parliament and of the Council as regards interoperability of spatial data sets and services.^^2010-12-08^^See the referenced specification||Dutch Standards for Hydrographic Surveys.^^2009-07-01^^This publication has been prepared in accordance with the 5th edition of the IHO S-44. The difference is||IHO S-44^^2008-02-01^^IHO S-44 provides a set of standards for the execution of hydrographic surveys for the collection of data which will primarily be used to compile navigational charts to be used for the safety of surface navigation and the protection of the marine environment.,"Royal Netherlands Navy, Hydrographic Service (574)",,web data access with registration,Creative Commons Attribution 4.0 International(CB),20250610,3844668,HY24203/v0,"Royal Netherlands Navy, Hydrographic Service (574)",24.474,0
Vlieland - Texel (South East),Marine geology (DS04)|Terrestrial (DS08),"Gravity, magnetics and bathymetry (G005)|Terrestrial (T001)",Bathymetry and Elevation(MBAN),xyz,1.0,34929624,20220406,4.2090930939,4.8667449951,52.8366317749,53.6070175171,World Geodetic System 84 / UTM zone 31N (32631),surface (006),,Lowest Astronomical Tide (D01),20.673,32.508,Both (Landward + beyond the 12 NM boundary),20190221,00:00:00,20190428,00:00:00,,,multi-beam echosounders(157),20.0,Metres (ULAA),,,research vessel (31),Opnamebeleidsplan Hydrografie,OBP NLHYD,20161101,HOV,NLHY,20190221.0,"Royal Netherlands Navy, Hydrographic Service (574)","Royal Netherlands Navy, Hydrographic Service (574)",,,,,,,,Dutch Standards for Hydrographic Surveys^^2009-07-01^^This publication has been prepared in accordance with the 5th edition of the IHO S-44. The difference is that this publication is dedicated to hydrographic work as performed by the Dutch government. It therefore contains some important additions and extensions.||IHO S-44^^2008-02-01^^IHO S-44 provides a set of standards for the execution of hydrographic surveys for the collection of data which will primarily be used to compile navigational charts to be used for the safety of surface navigation and the protection of the marine environment.||QI_Horizontal^^2019-11-19^^3||QI_Purpose^^2019-11-19^^3||QI_Vertical^^2019-11-19^^4,"Royal Netherlands Navy, Hydrographic Service (574)",,web data access with registration,Creative Commons Attribution 4.0 International(CB),20220406,3175974,HY19204/v1,"Royal Netherlands Navy, Hydrographic Service (574)",24.466,0
Vlieland - Texel SW,Marine geology (DS04)|Terrestrial (DS08),"Gravity, magnetics and bathymetry (G005)|Terrestrial (T001)",Bathymetry and Elevation(MBAN),xyz,1.0,32785161,20220406,3.891644001,4.6672739983,52.9416503906,53.593875885,World Geodetic System 84 / UTM zone 31N (32631),surface (006),,Lowest Astronomical Tide (D01),,,Both (Landward + beyond the 12 NM boundary),20190211,00:00:00,20190901,00:00:00,,,multi-beam echosounders(157),20.0,Metres (ULAA),,,research vessel (31),Opnamebeleidsplan Hydrografie,OBP NLHYD,20161101,,,,"Royal Netherlands Navy, Hydrographic Service (574)","Royal Netherlands Navy, Hydrographic Service (574)",,,,,,,,Dutch Standards for Hydrographic Surveys^^2009-07-01^^This publication has been prepared in accordance with the 5th edition of the IHO S-44. The difference is that this publication is dedicated to hydrographic work as performed by the Dutch government. It therefore contains some important additions and extensions.||IHO S-44^^2008-02-01^^IHO S-44 provides a set of standards for the execution of hydrographic surveys for the collection of data which will primarily be used to compile navigational charts to be used for the safety of surface navigation and the protection of the marine environment.||QI_Horizontal^^2019-11-19^^3||QI_Purpose^^2019-11-19^^3||QI_Vertical^^2019-11-19^^4,"Royal Netherlands Navy, Hydrographic Service (574)",,web data access with registration,Creative Commons Attribution 4.0 International(CB),20220406,3175979,HY19203/v1,"Royal Netherlands Navy, Hydrographic Service (574)",24.442,0
Vlieland - Texel SW,Marine geology (DS04)|Terrestrial (DS08),"Gravity, magnetics and bathymetry (G005)|Terrestrial (T001)",Bathymetry and Elevation(MBAN),xyz,1.0,36874045,20220406,3.8872621059,4.7505683899,52.9387168884,53.5970458984,World Geodetic System 84 / UTM zone 31N (32631),surface (006),,Lowest Astronomical Tide (D01),,,Both (Landward + beyond the 12 NM boundary),20140422,00:00:00,20140722,23:59:59,,,multi-beam echosounders(157),20.0,Metres (ULAA),,,research vessel (31),Opnamebeleidsplan Hydrografie,OBP NLHYD,20000101,HOV,NLHY,20210205.0,"Royal Netherlands Navy, Hydrographic Service (574)","Royal Netherlands Navy, Hydrographic Service (574)",,,,,,,,Dutch Standards for Hydrographic Surveys^^2009-07-01^^This publication has been prepared in accordance with the 5th edition of the IHO S-44. The difference is that this publication is dedicated to hydrographic work as performed by the Dutch government. It therefore contains some important additions and extensions.||IHO S-44^^2008-02-01^^IHO S-44 provides a set of standards for the execution of hydrographic surveys for the collection of data which will primarily be used to compile navigational charts to be used for the safety of surface navigation and the protection of the marine environment.||QI_Horizontal^^2017-06-30^^4||QI_Purpose^^2017-06-30^^3||QI_Vertical^^2017-06-30^^3,"Royal Netherlands Navy, Hydrographic Service (574)",,web data access with registration,Creative Commons Attribution 4.0 International(CB),20220406,2382040,HY14203_mean_totaal/v1,"Royal Netherlands Navy, Hydrographic Service (574)",24.463,0
Vlieland / Texel,Marine geology (DS04)|Terrestrial (DS08),"Gravity, magnetics and bathymetry (G005)|Terrestrial (T001)",Bathymetry and Elevation(MBAN),xyz,1.0,63592489,20231210,3.9552199841,4.7036170959,52.7078437805,53.468585968,World Geodetic System 84 (4326),surface (006),,Lowest Astronomical Tide (D01),20.7,37.1,Both (Landward + beyond the 12 NM boundary),20221022,08:00:00,20230423,17:00:00,0.01,Metres (ULAA),multi-beam echosounders(157),20.0,Metres (ULAA),1.0,Days (UTAA),research vessel (31),Opnamebeleidsplan Hydrografie 2022,OBP NLHYD,20220101,HOV,NLHY,20221022.0,"Royal Netherlands Navy, Hydrographic Service (574)","Royal Netherlands Navy, Hydrographic Service (574)",,,,,,,,COMMISSION REGULATION (EC) No 1205/2008 of 3 December 2008 implementing Directive 2007/2/EC of the European Parliament and of the Council as regards metadata^^2023-04-23^^See the referenced specification||QI_Horizontal^^2023-04-23^^3||QI_Vertical^^2023-04-23^^4||QI_Age^^2023-04-23^^3||QI_Purpose^^2023-04-23^^3||Commission Regulation (EU) No 1089/2010 of 23 November 2010 implementing Directive 2007/2/EC of the European Parliament and of the Council as regards interoperability of spatial data sets and services.^^2010-12-08^^See the referenced specification||Dutch Standards for Hydrographic Surveys.^^2009-07-01^^This publication has been prepared in accordance with the 5th edition of the IHO S-44. The difference is||IHO S-44^^2008-02-01^^IHO S-44 provides a set of standards for the execution of hydrographic surveys for the collection of data which will primarily be used to compile navigational charts to be used for the safety of surface navigation and the protection of the marine environment.,"Royal Netherlands Navy, Hydrographic Service (574)",,web data access with registration,Creative Commons Attribution 4.0 International(CB),20231210,3578297,HY22310/v0,"Royal Netherlands Navy, Hydrographic Service (574)",24.503,0
VLIELAND GRONDEN 1+2 MeanDept,Marine geology (DS04)|Terrestrial (DS08),"Gravity, magnetics and bathymetry (G005)|Terrestrial (T001)",Bathymetry and Elevation(MBAN),xyz,1.0,102764481,20221019,3.7854557037,4.6176319122,53.1132965088,53.6430053711,World Geodetic System 84 / UTM zone 31N (32631),surface (006),,Lowest Astronomical Tide (D01),,,Beyond the 12 NM boundary,20040614,00:00:00,20041129,23:59:59,,,multi-beam echosounders(157),20.0,Metres (ULAA),,,research vessel (31),Opnamebeleidsplan Hydrografie,OBP NLHYD,20000101,HOV,NLHY,20041129.0,"Royal Netherlands Navy, Hydrographic Service (574)","Royal Netherlands Navy, Hydrographic Service (574)",,,,,,,,Dutch Standards for Hydrographic Surveys^^2009-07-01^^This publication has been prepared in accordance with the 5th edition of the IHO S-44. The difference is that this publication is dedicated to hydrographic work as performed by the Dutch government. It therefore contains some important additions and extensions.||IHO S-44^^2008-02-01^^IHO S-44 provides a set of standards for the execution of hydrographic surveys for the collection of data which will primarily be used to compile navigational charts to be used for the safety of surface navigation and the protection of the marine environment.||QI_Horizontal^^2017-06-30^^4||QI_Purpose^^2017-06-30^^3||QI_Vertical^^2017-06-30^^3,"Royal Netherlands Navy, Hydrographic Service (574)",,web data access with registration,Creative Commons Attribution 4.0 International(CB),20221019,2174760,HY04153/v1,"Royal Netherlands Navy, Hydrographic Service (574)",24.614,0
Vlieland gronden Noord en Midden,Marine geology (DS04)|Terrestrial (DS08),"Gravity, magnetics and bathymetry (G005)|Terrestrial (T001)",Bathymetry and Elevation(MBAN),xyz,1.0,46719458,20250611,3.6611840725,4.2987208366,53.3191680908,53.5950393677,World Geodetic System 84 (4326),surface (006),,Lowest Astronomical Tide (D01),24.4,33.4,Beyond the 12 NM boundary,20231010,08:00:00,20240129,17:00:00,0.01,Metres (ULAA),multi-beam echosounders(157),20.0,Metres (ULAA),1.0,Days (UTAA),research vessel (31),Opnamebeleidsplan Hydrografie 2023,OBP NLHYD,20230101,HOV,NLHY,20231010.0,"Royal Netherlands Navy, Hydrographic Service (574)","Royal Netherlands Navy, Hydrographic Service (574)",,,,,,,,COMMISSION REGULATION (EC) No 1205/2008 of 3 December 2008 implementing Directive 2007/2/EC of the European Parliament and of the Council as regards metadata^^2024-01-29^^See the referenced specification||QI_Horizontal^^2024-01-29^^3||QI_Vertical^^2024-01-29^^4||QI_Age^^2024-01-29^^3||QI_Purpose^^2024-01-29^^3||Commission Regulation (EU) No 1089/2010 of 23 November 2010 implementing Directive 2007/2/EC of the European Parliament and of the Council as regards interoperability of spatial data sets and services.^^2010-12-08^^See the referenced specification||Dutch Standards for Hydrographic Surveys.^^2009-07-01^^This publication has been prepared in accordance with the 5th edition of the IHO S-44. The difference is||IHO S-44^^2008-02-01^^IHO S-44 provides a set of standards for the execution of hydrographic surveys for the collection of data which will primarily be used to compile navigational charts to be used for the safety of surface navigation and the protection of the marine environment.,"Royal Netherlands Navy, Hydrographic Service (574)",,web data access with registration,Creative Commons Attribution 4.0 International(CB),20250611,3844670,HY23418_423_Snellius/v0,"Royal Netherlands Navy, Hydrographic Service (574)",24.645,0
Vlieland Gronden SBES,Marine geology (DS04)|Terrestrial (DS08),"Gravity, magnetics and bathymetry (G005)|Terrestrial (T001)",Bathymetry and Elevation(MBAN),xyz,1.0,5782471,20240924,3.7693142891,4.5630655289,53.4858551025,53.7773590088,World Geodetic System 84 (4326),surface (006),,Lowest Astronomical Tide (D01),29.8,41.6,Beyond the 12 NM boundary,20040401,08:00:00,20040525,17:00:00,0.01,Metres (ULAA),single-beam echosounders(156),20.0,Metres (ULAA),1.0,Days (UTAA),research vessel (31),Opnamebeleidsplan Hydrografie 2004,OBP NLHYD,20040101,HOV,NLHY,20040525.0,"Royal Netherlands Navy, Hydrographic Service (574)","Royal Netherlands Navy, Hydrographic Service (574)",,,,,,,,COMMISSION REGULATION (EC) No 1205/2008 of 3 December 2008 implementing Directive 2007/2/EC of the European Parliament and of the Council as regards metadata^^2004-04-01^^See the referenced specification||QI_Horizontal^^2004-04-01^^3||QI_Vertical^^2004-04-01^^3||QI_Age^^2004-04-01^^1||QI_Purpose^^2004-04-01^^3||Commission Regulation (EU) No 1089/2010 of 23 November 2010 implementing Directive 2007/2/EC of the European Parliament and of the Council as regards interoperability of spatial data sets and services.^^2010-12-08^^See the referenced specification||Dutch Standards for Hydrographic Surveys.^^2009-07-01^^This publication has been prepared in accordance with the 5th edition of the IHO S-44. The difference is||IHO S-44^^2008-02-01^^IHO S-44 provides a set of standards for the execution of hydrographic surveys for the collection of data which will primarily be used to compile navigational charts to be used for the safety of surface navigation and the protection of the marine environment.,"Royal Netherlands Navy, Hydrographic Service (574)",,web data access with registration,Creative Commons Attribution 4.0 International(CB),20240924,2174761,HY04153-SB/v1,"Royal Netherlands Navy, Hydrographic Service (574)",5.106,0
Vlieland Noord (W),Marine geology (DS04)|Terrestrial (DS08),"Gravity, magnetics and bathymetry (G005)|Terrestrial (T001)",Bathymetry and Elevation(MBAN),xyz,1.0,5360093,20220420,4.6145787239,4.8007640839,53.4987983704,53.6011657715,World Geodetic System 84 / UTM zone 31N (32631),surface (006),,Lowest Astronomical Tide (D01),20.7,27.39,Beyond the 12 NM boundary,20110122,00:00:00,20110312,23:59:59,,,multi-beam echosounders(157),20.0,Metres (ULAA),,,research vessel (31),Opnamebeleidsplan Hydrografie,OBP NLHYD,20000101,HOV,NLHY,20110122.0,"Royal Netherlands Navy, Hydrographic Service (574)","Royal Netherlands Navy, Hydrographic Service (574)",,,,,,,,Dutch Standards for Hydrographic Surveys^^2009-07-01^^This publication has been prepared in accordance with the 5th edition of the IHO S-44. The difference is that this publication is dedicated to hydrographic work as performed by the Dutch government. It therefore contains some important additions and extensions.||IHO S-44^^2008-02-01^^IHO S-44 provides a set of standards for the execution of hydrographic surveys for the collection of data which will primarily be used to compile navigational charts to be used for the safety of surface navigation and the protection of the marine environment.||QI_Horizontal^^2017-06-30^^4||QI_Purpose^^2017-06-30^^3||QI_Vertical^^2017-06-30^^3,"Royal Netherlands Navy, Hydrographic Service (574)",,web data access with registration,Creative Commons Attribution 4.0 International(CB),20220420,2174856,HY11307_Mean_Totaal/v1,"Royal Netherlands Navy, Hydrographic Service (574)",24.317,0
Vlieland-Bruinebank,Marine geology (DS04)|Terrestrial (DS08),"Gravity, magnetics and bathymetry (G005)|Terrestrial (T001)",Bathymetry and Elevation(MBAN),xyz,1.0,87158899,20250611,4.1160354614,4.6191487312,53.1820220947,53.6423568726,World Geodetic System 84 (4326),surface (006),,Lowest Astronomical Tide (D01),23.1,33.0,Beyond the 12 NM boundary,20230316,08:00:00,20231019,17:00:00,0.01,Metres (ULAA),multi-beam echosounders(157),20.0,Metres (ULAA),1.0,Days (UTAA),research vessel (31),Opnamebeleidsplan Hydrografie 2023,OBP NLHYD,20230101,HOV,NLHY,20230316.0,"Royal Netherlands Navy, Hydrographic Service (574)","Royal Netherlands Navy, Hydrographic Service (574)",,,,,,,,COMMISSION REGULATION (EC) No 1205/2008 of 3 December 2008 implementing Directive 2007/2/EC of the European Parliament and of the Council as regards metadata^^2023-10-19^^See the referenced specification||QI_Horizontal^^2023-10-19^^3||QI_Vertical^^2023-10-19^^4||QI_Age^^2023-10-19^^3||QI_Purpose^^2023-10-19^^3||Commission Regulation (EU) No 1089/2010 of 23 November 2010 implementing Directive 2007/2/EC of the European Parliament and of the Council as regards interoperability of spatial data sets and services.^^2010-12-08^^See the referenced specification||Dutch Standards for Hydrographic Surveys.^^2009-07-01^^This publication has been prepared in accordance with the 5th edition of the IHO S-44. The difference is||IHO S-44^^2008-02-01^^IHO S-44 provides a set of standards for the execution of hydrographic surveys for the collection of data which will primarily be used to compile navigational charts to be used for the safety of surface navigation and the protection of the marine environment.,"Royal Netherlands Navy, Hydrographic Service (574)",,web data access with registration,Creative Commons Attribution 4.0 International(CB),20250611,3844672,HY23418_423_Luymes/v0,"Royal Netherlands Navy, Hydrographic Service (574)",24.768,0
Vlieland-Texel,Marine geology (DS04)|Terrestrial (DS08),"Gravity, magnetics and bathymetry (G005)|Terrestrial (T001)",Bathymetry and Elevation(MBAN),xyz,1.0,34437233,20220406,4.2108530998,4.8604183197,52.8431358337,53.6047096252,World Geodetic System 84 / UTM zone 31N (32631),surface (006),,Lowest Astronomical Tide (D01),,,Both (Landward + beyond the 12 NM boundary),20140415,00:00:00,20140627,23:59:59,,,multi-beam echosounders(157),20.0,Metres (ULAA),,,research vessel (31),Opnamebeleidsplan Hydrografie,OBP NLHYD,20000101,HOV,NLHY,20210205.0,"Royal Netherlands Navy, Hydrographic Service (574)","Royal Netherlands Navy, Hydrographic Service (574)",,,,,,,,Dutch Standards for Hydrographic Surveys^^2009-07-01^^This publication has been prepared in accordance with the 5th edition of the IHO S-44. The difference is that this publication is dedicated to hydrographic work as performed by the Dutch government. It therefore contains some important additions and extensions.||IHO S-44^^2008-02-01^^IHO S-44 provides a set of standards for the execution of hydrographic surveys for the collection of data which will primarily be used to compile navigational charts to be used for the safety of surface navigation and the protection of the marine environment.||QI_Horizontal^^2017-06-30^^4||QI_Purpose^^2017-06-30^^3||QI_Vertical^^2017-06-30^^3,"Royal Netherlands Navy, Hydrographic Service (574)",,web data access with registration,Creative Commons Attribution 4.0 International(CB),20220406,2382041,HY14204_mean_totaal/v1,"Royal Netherlands Navy, Hydrographic Service (574)",24.472,0
Vlieland-Texel (southwest),Marine geology (DS04)|Terrestrial (DS08),"Gravity, magnetics and bathymetry (G005)|Terrestrial (T001)",Bathymetry and Elevation(MBAN),xyz,1.0,6577951,20230111,4.4960312843,4.7497844696,53.2352600098,53.5328102112,World Geodetic System 84 (4326),surface (006),,Lowest Astronomical Tide (D01),23.1,30.5,Both (Landward + beyond the 12 NM boundary),20210226,08:00:00,20210228,17:00:00,0.01,Metres (ULAA),multi-beam echosounders(157),20.0,Metres (ULAA),1.0,Days (UTAA),research vessel (31),Opnamebeleidsplan Hydrografie 2021,OBP NLHYD,20210101,HOV,NLHY,20210226.0,"Royal Netherlands Navy, Hydrographic Service (574)","Royal Netherlands Navy, Hydrographic Service (574)",,,,,,,,COMMISSION REGULATION (EC) No 1205/2008 of 3 December 2008 implementing Directive 2007/2/EC of the European Parliament and of the Council as regards metadata^^2021-02-28^^See the referenced specification||QI_Horizontal^^2021-02-28^^3||QI_Vertical^^2021-02-28^^4||QI_Age^^2021-02-28^^3||QI_Purpose^^2021-02-28^^3||Commission Regulation (EU) No 1089/2010 of 23 November 2010 implementing Directive 2007/2/EC of the European Parliament and of the Council as regards interoperability of spatial data sets and services.^^2010-12-08^^See the referenced specification||Dutch Standards for Hydrographic Surveys.^^2009-07-01^^This publication has been prepared in accordance with the 5th edition of the IHO S-44. The difference is||IHO S-44^^2008-02-01^^IHO S-44 provides a set of standards for the execution of hydrographic surveys for the collection of data which will primarily be used to compile navigational charts to be used for the safety of surface navigation and the protection of the marine environment.,"Royal Netherlands Navy, Hydrographic Service (574)",,web data access with registration,Creative Commons Attribution 4.0 International(CB),20230111,3286200,HY21203/v1,"Royal Netherlands Navy, Hydrographic Service (574)",23.372,0
Vlieland-Texel(NE),Marine geology (DS04)|Terrestrial (DS08),"Gravity, magnetics and bathymetry (G005)|Terrestrial (T001)",Bathymetry and Elevation(MBAN),xyz,1.0,13192674,20220601,4.5687766075,4.8667488098,53.2534141541,53.6059036255,World Geodetic System 84 / UTM zone 31N (32631),surface (006),,Lowest Astronomical Tide (D01),,,Both (Landward + beyond the 12 NM boundary),20090526,00:00:00,20090820,23:59:59,,,multi-beam echosounders(157),20.0,Metres (ULAA),,,research vessel (31),Opnamebeleidsplan Hydrografie,OBP NLHYD,20000101,HOV,NLHY,20090703.0,"Royal Netherlands Navy, Hydrographic Service (574)","Royal Netherlands Navy, Hydrographic Service (574)",,,,,,,,Dutch Standards for Hydrographic Surveys^^2009-07-01^^This publication has been prepared in accordance with the 5th edition of the IHO S-44. The difference is that this publication is dedicated to hydrographic work as performed by the Dutch government. It therefore contains some important additions and extensions.||IHO S-44^^2008-02-01^^IHO S-44 provides a set of standards for the execution of hydrographic surveys for the collection of data which will primarily be used to compile navigational charts to be used for the safety of surface navigation and the protection of the marine environment.||QI_Horizontal^^2017-06-30^^4||QI_Purpose^^2017-06-30^^3||QI_Vertical^^2017-06-30^^3,"Royal Netherlands Navy, Hydrographic Service (574)",,web data access with registration,Creative Commons Attribution 4.0 International(CB),20220601,2174815,HY09204_mean_totaal/v1,"Royal Netherlands Navy, Hydrographic Service (574)",24.377,0
Vlieland-Texel(SW)Off Vliel(W),Marine geology (DS04)|Terrestrial (DS08),"Gravity, magnetics and bathymetry (G005)|Terrestrial (T001)",Bathymetry and Elevation(MBAN),xyz,1.0,23579082,20220601,4.2690176964,4.7522816658,53.1343955994,53.5993041992,World Geodetic System 84 / UTM zone 31N (32631),surface (006),,Lowest Astronomical Tide (D01),24.74,30.8,Both (Landward + beyond the 12 NM boundary),20090402,00:00:00,20090702,23:59:59,,,multi-beam echosounders(157),20.0,Metres (ULAA),,,research vessel (31),Opnamebeleidsplan Hydrografie,OBP NLHYD,20000101,HOV,NLHY,20090402.0,"Royal Netherlands Navy, Hydrographic Service (574)","Royal Netherlands Navy, Hydrographic Service (574)",,,,,,,,Dutch Standards for Hydrographic Surveys^^2009-07-01^^This publication has been prepared in accordance with the 5th edition of the IHO S-44. The difference is that this publication is dedicated to hydrographic work as performed by the Dutch government. It therefore contains some important additions and extensions.||IHO S-44^^2008-02-01^^IHO S-44 provides a set of standards for the execution of hydrographic surveys for the collection of data which will primarily be used to compile navigational charts to be used for the safety of surface navigation and the protection of the marine environment.||QI_Horizontal^^2017-06-30^^4||QI_Purpose^^2017-06-30^^3||QI_Vertical^^2017-06-30^^3,"Royal Netherlands Navy, Hydrographic Service (574)",,web data access with registration,Creative Commons Attribution 4.0 International(CB),20220601,2174813,HY09203-309__N_mean_totaal/v1,"Royal Netherlands Navy, Hydrographic Service (574)",24.345,0
Vlieland_Texel (SE),Marine geology (DS04)|Terrestrial (DS08),"Gravity, magnetics and bathymetry (G005)|Terrestrial (T001)",Bathymetry and Elevation(MBAN),xyz,1.0,49874407,20250610,4.2097206116,4.8634181023,52.8402175903,53.604839325,World Geodetic System 84 (4326),surface (006),,Lowest Astronomical Tide (D01),20.8,33.2,Both (Landward + beyond the 12 NM boundary),20240610,08:00:00,20240717,17:00:00,0.01,Metres (ULAA),multi-beam echosounders(157),20.0,Metres (ULAA),1.0,Days (UTAA),research vessel (31),Opnamebeleidsplan Hydrografie 2024,OBP NLHYD,20240101,HOV,NLHY,20240610.0,"Royal Netherlands Navy, Hydrographic Service (574)","Royal Netherlands Navy, Hydrographic Service (574)",,,,,,,,COMMISSION REGULATION (EC) No 1205/2008 of 3 December 2008 implementing Directive 2007/2/EC of the European Parliament and of the Council as regards metadata^^2024-07-17^^See the referenced specification||QI_Horizontal^^2024-07-17^^3||QI_Vertical^^2024-07-17^^4||QI_Age^^2024-07-17^^3||QI_Purpose^^2024-07-17^^3||Commission Regulation (EU) No 1089/2010 of 23 November 2010 implementing Directive 2007/2/EC of the European Parliament and of the Council as regards interoperability of spatial data sets and services.^^2010-12-08^^See the referenced specification||Dutch Standards for Hydrographic Surveys.^^2009-07-01^^This publication has been prepared in accordance with the 5th edition of the IHO S-44. The difference is||IHO S-44^^2008-02-01^^IHO S-44 provides a set of standards for the execution of hydrographic surveys for the collection of data which will primarily be used to compile navigational charts to be used for the safety of surface navigation and the protection of the marine environment.,"Royal Netherlands Navy, Hydrographic Service (574)",,web data access with registration,Creative Commons Attribution 4.0 International(CB),20250610,3844666,HY24204/v0,"Royal Netherlands Navy, Hydrographic Service (574)",24.439,0
VSS Texel en W-Friesland,Marine geology (DS04)|Terrestrial (DS08),"Gravity, magnetics and bathymetry (G005)|Terrestrial (T001)",Bathymetry and Elevation(MBAN),xyz,1.0,32782129,20240924,3.4315438271,4.0680212975,52.8802452087,53.5105552673,World Geodetic System 84 (4326),surface (006),,Lowest Astronomical Tide (D01),22.9,34.1,Both (Landward + beyond the 12 NM boundary),20030801,08:00:00,20031130,17:00:00,0.01,Metres (ULAA),single-beam echosounders(156),20.0,Metres (ULAA),1.0,Days (UTAA),research vessel (31),Opnamebeleidsplan Hydrografie 2003,OBP NLHYD,20030101,HOV,NLHY,20030801.0,"Royal Netherlands Navy, Hydrographic Service (574)","Royal Netherlands Navy, Hydrographic Service (574)",,,,,,,,COMMISSION REGULATION (EC) No 1205/2008 of 3 December 2008 implementing Directive 2007/2/EC of the European Parliament and of the Council as regards metadata^^2003-11-30^^See the referenced specification||QI_Horizontal^^2003-11-30^^3||QI_Vertical^^2003-11-30^^3||QI_Age^^2003-11-30^^1||QI_Purpose^^2003-11-30^^3||Commission Regulation (EU) No 1089/2010 of 23 November 2010 implementing Directive 2007/2/EC of the European Parliament and of the Council as regards interoperability of spatial data sets and services.^^2010-12-08^^See the referenced specification||Dutch Standards for Hydrographic Surveys.^^2009-07-01^^This publication has been prepared in accordance with the 5th edition of the IHO S-44. The difference is||IHO S-44^^2008-02-01^^IHO S-44 provides a set of standards for the execution of hydrographic surveys for the collection of data which will primarily be used to compile navigational charts to be used for the safety of surface navigation and the protection of the marine environment.,"Royal Netherlands Navy, Hydrographic Service (574)",,web data access with registration,Creative Commons Attribution 4.0 International(CB),20240924,2174757,HY03146(2)/v1,"Royal Netherlands Navy, Hydrographic Service (574)",5.607,0
VSS VLIELAND,Marine geology (DS04)|Terrestrial (DS08),"Gravity, magnetics and bathymetry (G005)|Terrestrial (T001)",Bathymetry and Elevation(MBAN),xyz,1.0,837769,20250116,4.4771208763,4.7475214005,53.2443199158,53.5379257202,World Geodetic System 84 (4326),surface (006),,Lowest Astronomical Tide (D01),20.7,30.6,Both (Landward + beyond the 12 NM boundary),19901101,08:00:00,19901129,17:00:00,0.01,Metres (ULAA),single-beam echosounders(156),20.0,Metres (ULAA),1.0,Days (UTAA),research vessel (31),Opnamebeleidsplan Hydrografie 1990,OBP NLHYD,19900101,Unknown,NLHY,19901101.0,"Royal Netherlands Navy, Hydrographic Service (574)","Royal Netherlands Navy, Hydrographic Service (574)",,,,,,,,COMMISSION REGULATION (EC) No 1205/2008 of 3 December 2008 implementing Directive 2007/2/EC of the European Parliament and of the Council as regards metadata^^1990-11-29^^See the referenced specification||QI_Horizontal^^1990-11-29^^3||QI_Vertical^^1990-11-29^^3||QI_Age^^1990-11-29^^0||QI_Purpose^^1990-11-29^^3||Commission Regulation (EU) No 1089/2010 of 23 November 2010 implementing Directive 2007/2/EC of the European Parliament and of the Council as regards interoperability of spatial data sets and services.^^2010-12-08^^See the referenced specification||Dutch Standards for Hydrographic Surveys.^^2009-07-01^^This publication has been prepared in accordance with the 5th edition of the IHO S-44. The difference is||IHO S-44^^2008-02-01^^IHO S-44 provides a set of standards for the execution of hydrographic surveys for the collection of data which will primarily be used to compile navigational charts to be used for the safety of surface navigation and the protection of the marine environment.,"Royal Netherlands Navy, Hydrographic Service (574)",,web data access with registration,Creative Commons Attribution 4.0 International(CB),20250116,3782254,HY90015/v0,"Royal Netherlands Navy, Hydrographic Service (574)",1.579,0
VSS VLIELAND NOORD,Marine geology (DS04)|Terrestrial (DS08),"Gravity, magnetics and bathymetry (G005)|Terrestrial (T001)",Bathymetry and Elevation(MBAN),xyz,1.0,5714641,20250116,4.4708747864,5.110253334,53.3359909058,53.6284103394,World Geodetic System 84 (4326),surface (006),,Lowest Astronomical Tide (D01),22.2,30.4,Beyond the 12 NM boundary,19930825,08:00:00,19930930,17:00:00,0.01,Metres (ULAA),single-beam echosounders(156),20.0,Metres (ULAA),1.0,Days (UTAA),research vessel (31),Opnamebeleidsplan Hydrografie 1993,OBP NLHYD,19930101,Unknown,NLHY,19930825.0,"Royal Netherlands Navy, Hydrographic Service (574)","Royal Netherlands Navy, Hydrographic Service (574)",,,,,,,,COMMISSION REGULATION (EC) No 1205/2008 of 3 December 2008 implementing Directive 2007/2/EC of the European Parliament and of the Council as regards metadata^^1993-09-30^^See the referenced specification||QI_Horizontal^^1993-09-30^^3||QI_Vertical^^1993-09-30^^3||QI_Age^^1993-09-30^^0||QI_Purpose^^1993-09-30^^3||Commission Regulation (EU) No 1089/2010 of 23 November 2010 implementing Directive 2007/2/EC of the European Parliament and of the Council as regards interoperability of spatial data sets and services.^^2010-12-08^^See the referenced specification||Dutch Standards for Hydrographic Surveys.^^2009-07-01^^This publication has been prepared in accordance with the 5th edition of the IHO S-44. The difference is||IHO S-44^^2008-02-01^^IHO S-44 provides a set of standards for the execution of hydrographic surveys for the collection of data which will primarily be used to compile navigational charts to be used for the safety of surface navigation and the protection of the marine environment.,"Royal Netherlands Navy, Hydrographic Service (574)",,web data access with registration,Creative Commons Attribution 4.0 International(CB),20250116,3782307,HY93028/v0,"Royal Netherlands Navy, Hydrographic Service (574)",6.604,0
VSS Vlieland ZW deel,Marine geology (DS04)|Terrestrial (DS08),"Gravity, magnetics and bathymetry (G005)|Terrestrial (T001)",Bathymetry and Elevation(MBAN),xyz,1.0,23761327,20240924,4.4532938004,5.1221876144,53.2227745056,53.6299171448,World Geodetic System 84 (4326),surface (006),,Lowest Astronomical Tide (D01),24.2,30.6,Both (Landward + beyond the 12 NM boundary),20030301,08:00:00,20030430,17:00:00,0.01,Metres (ULAA),single-beam echosounders(156),20.0,Metres (ULAA),1.0,Days (UTAA),research vessel (31),Opnamebeleidsplan Hydrografie 2003,OBP NLHYD,20030101,HOV,NLHY,20030301.0,"Royal Netherlands Navy, Hydrographic Service (574)","Royal Netherlands Navy, Hydrographic Service (574)",,,,,,,,COMMISSION REGULATION (EC) No 1205/2008 of 3 December 2008 implementing Directive 2007/2/EC of the European Parliament and of the Council as regards metadata^^2003-04-30^^See the referenced specification||QI_Horizontal^^2003-04-30^^3||QI_Vertical^^2003-04-30^^3||QI_Age^^2003-04-30^^1||QI_Purpose^^2003-04-30^^3||Commission Regulation (EU) No 1089/2010 of 23 November 2010 implementing Directive 2007/2/EC of the European Parliament and of the Council as regards interoperability of spatial data sets and services.^^2010-12-08^^See the referenced specification||Dutch Standards for Hydrographic Surveys.^^2009-07-01^^This publication has been prepared in accordance with the 5th edition of the IHO S-44. The difference is||IHO S-44^^2008-02-01^^IHO S-44 provides a set of standards for the execution of hydrographic surveys for the collection of data which will primarily be used to compile navigational charts to be used for the safety of surface navigation and the protection of the marine environment.,"Royal Netherlands Navy, Hydrographic Service (574)",,web data access with registration,Creative Commons Attribution 4.0 International(CB),20240924,2174755,HY03145/v1,"Royal Netherlands Navy, Hydrographic Service (574)",5.327,0
West Friesland,Marine geology (DS04)|Terrestrial (DS08),"Gravity, magnetics and bathymetry (G005)|Terrestrial (T001)",Bathymetry and Elevation(MBAN),xyz,1.0,56108962,20220420,3.5872051716,4.1820316315,53.4976005554,53.8384628296,World Geodetic System 84 / UTM zone 31N (32631),surface (006),,Lowest Astronomical Tide (D01),29.96,40.67,Beyond the 12 NM boundary,20110403,00:00:00,20110624,23:59:59,,,multi-beam echosounders(157),20.0,Metres (ULAA),,,research vessel (31),Opnamebeleidsplan Hydrografie,OBP NLHYD,20000101,HOV,NLHY,20110403.0,"Royal Netherlands Navy, Hydrographic Service (574)","Royal Netherlands Navy, Hydrographic Service (574)",,,,,,,,Dutch Standards for Hydrographic Surveys^^2009-07-01^^This publication has been prepared in accordance with the 5th edition of the IHO S-44. The difference is that this publication is dedicated to hydrographic work as performed by the Dutch government. It therefore contains some important additions and extensions.||IHO S-44^^2008-02-01^^IHO S-44 provides a set of standards for the execution of hydrographic surveys for the collection of data which will primarily be used to compile navigational charts to be used for the safety of surface navigation and the protection of the marine environment.||QI_Horizontal^^2017-06-30^^4||QI_Purpose^^2017-06-30^^3||QI_Vertical^^2017-06-30^^3,"Royal Netherlands Navy, Hydrographic Service (574)",,web data access with registration,Creative Commons Attribution 4.0 International(CB),20220420,2174864,HY11405Z-506Z_mean_totaal/v1,"Royal Netherlands Navy, Hydrographic Service (574)",24.72,0
West Friesland (NW),Marine geology (DS04)|Terrestrial (DS08),"Gravity, magnetics and bathymetry (G005)|Terrestrial (T001)",Bathymetry and Elevation(MBAN),xyz,1.0,5421457,20220601,3.6114091873,3.7896263599,53.3305206299,53.5191764832,World Geodetic System 84 / UTM zone 31N (32631),surface (006),,Lowest Astronomical Tide (D01),28.45,29.49,Beyond the 12 NM boundary,20071020,00:00:00,20071023,23:59:59,,,multi-beam echosounders(157),20.0,Metres (ULAA),,,research vessel (31),Opnamebeleidsplan Hydrografie,OBP NLHYD,20000101,HOV,NLHY,20071020.0,"Royal Netherlands Navy, Hydrographic Service (574)","Royal Netherlands Navy, Hydrographic Service (574)",,,,,,,,Dutch Standards for Hydrographic Surveys^^2009-07-01^^This publication has been prepared in accordance with the 5th edition of the IHO S-44. The difference is that this publication is dedicated to hydrographic work as performed by the Dutch government. It therefore contains some important additions and extensions.||IHO S-44^^2008-02-01^^IHO S-44 provides a set of standards for the execution of hydrographic surveys for the collection of data which will primarily be used to compile navigational charts to be used for the safety of surface navigation and the protection of the marine environment.||QI_Horizontal^^2017-06-30^^4||QI_Purpose^^2017-06-30^^3||QI_Vertical^^2017-06-30^^3,"Royal Netherlands Navy, Hydrographic Service (574)",,web data access with registration,Creative Commons Attribution 4.0 International(CB),20220601,2174781,HY07303-Mean-Totaal/v1,"Royal Netherlands Navy, Hydrographic Service (574)",24.094,0
West Friesland (NW),Marine geology (DS04)|Terrestrial (DS08),"Gravity, magnetics and bathymetry (G005)|Terrestrial (T001)",Bathymetry and Elevation(MBAN),xyz,1.0,6677417,20250610,3.6125559807,3.7879884243,53.3306007385,53.5179443359,World Geodetic System 84 (4326),surface (006),,Lowest Astronomical Tide (D01),26.2,31.3,Beyond the 12 NM boundary,20241106,08:00:00,20241107,17:00:00,0.01,Metres (ULAA),multi-beam echosounders(157),20.0,Metres (ULAA),1.0,Days (UTAA),research vessel (31),Opnamebeleidsplan Hydrografie 2024,OBP NLHYD,20240101,HOV,NLHY,20241106.0,"Royal Netherlands Navy, Hydrographic Service (574)","Royal Netherlands Navy, Hydrographic Service (574)",,,,,,,,COMMISSION REGULATION (EC) No 1205/2008 of 3 December 2008 implementing Directive 2007/2/EC of the European Parliament and of the Council as regards metadata^^2024-11-07^^See the referenced specification||QI_Horizontal^^2024-11-07^^3||QI_Vertical^^2024-11-07^^4||QI_Age^^2024-11-07^^3||QI_Purpose^^2024-11-07^^3||Commission Regulation (EU) No 1089/2010 of 23 November 2010 implementing Directive 2007/2/EC of the European Parliament and of the Council as regards interoperability of spatial data sets and services.^^2010-12-08^^See the referenced specification||Dutch Standards for Hydrographic Surveys.^^2009-07-01^^This publication has been prepared in accordance with the 5th edition of the IHO S-44. The difference is||IHO S-44^^2008-02-01^^IHO S-44 provides a set of standards for the execution of hydrographic surveys for the collection of data which will primarily be used to compile navigational charts to be used for the safety of surface navigation and the protection of the marine environment.,"Royal Netherlands Navy, Hydrographic Service (574)",,web data access with registration,Creative Commons Attribution 4.0 International(CB),20250610,3844660,HY24303/v0,"Royal Netherlands Navy, Hydrographic Service (574)",24.148,0
West Friesland NW,Marine geology (DS04)|Terrestrial (DS08),"Gravity, magnetics and bathymetry (G005)|Terrestrial (T001)",Bathymetry and Elevation(MBAN),xyz,1.0,5755769,20220406,3.6079833508,3.7925307751,53.3276252747,53.5209541321,World Geodetic System 84 / UTM zone 31N (32631),surface (006),,Lowest Astronomical Tide (D01),25.834,31.212,Beyond the 12 NM boundary,20140922,00:00:00,20140924,23:59:59,,,multi-beam echosounders(157),20.0,Metres (ULAA),,,research vessel (31),Opnamebeleidsplan Hydrografie,OBP NLHYD,20000101,HOV,NLHY,20140922.0,"Royal Netherlands Navy, Hydrographic Service (574)","Royal Netherlands Navy, Hydrographic Service (574)",,,,,,,,Dutch Standards for Hydrographic Surveys^^2009-07-01^^This publication has been prepared in accordance with the 5th edition of the IHO S-44. The difference is that this publication is dedicated to hydrographic work as performed by the Dutch government. It therefore contains some important additions and extensions.||IHO S-44^^2008-02-01^^IHO S-44 provides a set of standards for the execution of hydrographic surveys for the collection of data which will primarily be used to compile navigational charts to be used for the safety of surface navigation and the protection of the marine environment.||QI_Horizontal^^2017-06-30^^4||QI_Purpose^^2017-06-30^^3||QI_Vertical^^2017-06-30^^3,"Royal Netherlands Navy, Hydrographic Service (574)",,web data access with registration,Creative Commons Attribution 4.0 International(CB),20220406,2613369,HY14303_MeanTotaal/v1,"Royal Netherlands Navy, Hydrographic Service (574)",24.104,0
West Friesland(4),Marine geology (DS04)|Terrestrial (DS08),"Gravity, magnetics and bathymetry (G005)|Terrestrial (T001)",Bathymetry and Elevation(MBAN),xyz,1.0,9990581,20220601,3.5204017162,3.7472503185,53.3414001465,53.5210418701,World Geodetic System 84 / UTM zone 31N (32631),surface (006),,Lowest Astronomical Tide (D01),25.48,30.99,Beyond the 12 NM boundary,20080712,00:00:00,20081214,23:59:59,,,multi-beam echosounders(157),20.0,Metres (ULAA),,,research vessel (31),Opnamebeleidsplan Hydrografie,OBP NLHYD,20000101,HOV,NLHY,20080712.0,"Royal Netherlands Navy, Hydrographic Service (574)","Royal Netherlands Navy, Hydrographic Service (574)",,,,,,,,Dutch Standards for Hydrographic Surveys^^2009-07-01^^This publication has been prepared in accordance with the 5th edition of the IHO S-44. The difference is that this publication is dedicated to hydrographic work as performed by the Dutch government. It therefore contains some important additions and extensions.||IHO S-44^^2008-02-01^^IHO S-44 provides a set of standards for the execution of hydrographic surveys for the collection of data which will primarily be used to compile navigational charts to be used for the safety of surface navigation and the protection of the marine environment.||QI_Horizontal^^2017-06-30^^4||QI_Purpose^^2017-06-30^^3||QI_Vertical^^2017-06-30^^3,"Royal Netherlands Navy, Hydrographic Service (574)",,web data access with registration,Creative Commons Attribution 4.0 International(CB),20220601,2174789,HY07419_mean_totaal/v1,"Royal Netherlands Navy, Hydrographic Service (574)",23.18,0
West Friesland(SW),Marine geology (DS04)|Terrestrial (DS08),"Gravity, magnetics and bathymetry (G005)|Terrestrial (T001)",Bathymetry and Elevation(MBAN),xyz,1.0,3579348,20220601,3.469907999,3.5925672054,53.3654174805,53.5018196106,World Geodetic System 84 / UTM zone 31N (32631),surface (006),,Lowest Astronomical Tide (D01),25.49,30.5,Beyond the 12 NM boundary,20080823,00:00:00,20080917,23:59:59,,,multi-beam echosounders(157),20.0,Metres (ULAA),,,research vessel (31),Opnamebeleidsplan Hydrografie,OBP NLHYD,20000101,HOV,NLHY,20080823.0,"Royal Netherlands Navy, Hydrographic Service (574)","Royal Netherlands Navy, Hydrographic Service (574)",,,,,,,,Dutch Standards for Hydrographic Surveys^^2009-07-01^^This publication has been prepared in accordance with the 5th edition of the IHO S-44. The difference is that this publication is dedicated to hydrographic work as performed by the Dutch government. It therefore contains some important additions and extensions.||IHO S-44^^2008-02-01^^IHO S-44 provides a set of standards for the execution of hydrographic surveys for the collection of data which will primarily be used to compile navigational charts to be used for the safety of surface navigation and the protection of the marine environment.||QI_Horizontal^^2017-06-30^^4||QI_Purpose^^2017-06-30^^3||QI_Vertical^^2017-06-30^^3,"Royal Netherlands Navy, Hydrographic Service (574)",,web data access with registration,Creative Commons Attribution 4.0 International(CB),20220601,2174782,HY07304-Mean-Totaal/v1,"Royal Netherlands Navy, Hydrographic Service (574)",21.896,0
West Friesland(SW),Marine geology (DS04)|Terrestrial (DS08),"Gravity, magnetics and bathymetry (G005)|Terrestrial (T001)",Bathymetry and Elevation(MBAN),xyz,1.0,6381676,20220601,3.5239019394,3.6900541782,53.4875183105,53.6981544495,World Geodetic System 84 / UTM zone 31N (32631),surface (006),,Lowest Astronomical Tide (D01),30.05,37.99,Beyond the 12 NM boundary,20080911,00:00:00,20090107,23:59:59,,,multi-beam echosounders(157),20.0,Metres (ULAA),,,research vessel (31),Opnamebeleidsplan Hydrografie,OBP NLHYD,20000101,HOV,NLHY,20080911.0,"Royal Netherlands Navy, Hydrographic Service (574)","Royal Netherlands Navy, Hydrographic Service (574)",,,,,,,,Dutch Standards for Hydrographic Surveys^^2009-07-01^^This publication has been prepared in accordance with the 5th edition of the IHO S-44. The difference is that this publication is dedicated to hydrographic work as performed by the Dutch government. It therefore contains some important additions and extensions.||IHO S-44^^2008-02-01^^IHO S-44 provides a set of standards for the execution of hydrographic surveys for the collection of data which will primarily be used to compile navigational charts to be used for the safety of surface navigation and the protection of the marine environment.||QI_Horizontal^^2017-06-30^^4||QI_Purpose^^2017-06-30^^3||QI_Vertical^^2017-06-30^^3,"Royal Netherlands Navy, Hydrographic Service (574)",,web data access with registration,Creative Commons Attribution 4.0 International(CB),20220601,2174811,HY08404_1_Mean_totaal/v1,"Royal Netherlands Navy, Hydrographic Service (574)",23.935,0
West Friesland(SW),Marine geology (DS04)|Terrestrial (DS08),"Gravity, magnetics and bathymetry (G005)|Terrestrial (T001)",Bathymetry and Elevation(MBAN),xyz,1.0,9409711,20220601,3.6407520771,4.2600808144,53.7127799988,53.963104248,World Geodetic System 84 / UTM zone 31N (32631),surface (006),,Lowest Astronomical Tide (D01),34.28,42.34,Beyond the 12 NM boundary,20080911,00:00:00,20090107,23:59:59,,,multi-beam echosounders(157),20.0,Metres (ULAA),,,research vessel (31),Opnamebeleidsplan Hydrografie,OBP NLHYD,20000101,HOV,NLHY,20080911.0,"Royal Netherlands Navy, Hydrographic Service (574)","Royal Netherlands Navy, Hydrographic Service (574)",,,,,,,,Dutch Standards for Hydrographic Surveys^^2009-07-01^^This publication has been prepared in accordance with the 5th edition of the IHO S-44. The difference is that this publication is dedicated to hydrographic work as performed by the Dutch government. It therefore contains some important additions and extensions.||IHO S-44^^2008-02-01^^IHO S-44 provides a set of standards for the execution of hydrographic surveys for the collection of data which will primarily be used to compile navigational charts to be used for the safety of surface navigation and the protection of the marine environment.||QI_Horizontal^^2017-06-30^^4||QI_Purpose^^2017-06-30^^3||QI_Vertical^^2017-06-30^^3,"Royal Netherlands Navy, Hydrographic Service (574)",,web data access with registration,Creative Commons Attribution 4.0 International(CB),20220601,2174812,HY08404_2_Mean_totaal/v1,"Royal Netherlands Navy, Hydrographic Service (574)",23.874,0
West Mud Hole,Marine geology (DS04)|Terrestrial (DS08),"Gravity, magnetics and bathymetry (G005)|Terrestrial (T001)",Bathymetry and Elevation(MBAN),xyz,1.0,112532580,20221019,2.9968471527,3.5612134933,53.1642608643,53.6868362427,World Geodetic System 84 / UTM zone 31N (32631),surface (006),,Lowest Astronomical Tide (D01),23.08,40.86,Beyond the 12 NM boundary,20041129,00:00:00,20050503,23:59:59,,,multi-beam echosounders(157),20.0,Metres (ULAA),,,research vessel (31),Opnamebeleidsplan Hydrografie,OBP NLHYD,20000101,HOV,NLHY,20041129.0,"Royal Netherlands Navy, Hydrographic Service (574)","Royal Netherlands Navy, Hydrographic Service (574)",,,,,,,,Dutch Standards for Hydrographic Surveys^^2009-07-01^^This publication has been prepared in accordance with the 5th edition of the IHO S-44. The difference is that this publication is dedicated to hydrographic work as performed by the Dutch government. It therefore contains some important additions and extensions.||IHO S-44^^2008-02-01^^IHO S-44 provides a set of standards for the execution of hydrographic surveys for the collection of data which will primarily be used to compile navigational charts to be used for the safety of surface navigation and the protection of the marine environment.||QI_Horizontal^^2017-06-30^^4||QI_Purpose^^2017-06-30^^3||QI_Vertical^^2017-06-30^^3,"Royal Netherlands Navy, Hydrographic Service (574)",,web data access with registration,Creative Commons Attribution 4.0 International(CB),20221019,2174762,HY04155-mean/v1,"Royal Netherlands Navy, Hydrographic Service (574)",24.81,0
West Mud Hole,Marine geology (DS04)|Terrestrial (DS08),"Gravity, magnetics and bathymetry (G005)|Terrestrial (T001)",Bathymetry and Elevation(MBAN),xyz,1.0,34856544,20220420,3.4656629562,4.1649026871,53.7232513428,53.951335907,World Geodetic System 84 / UTM zone 31N (32631),surface (006),,Lowest Astronomical Tide (D01),32.01,42.44,Beyond the 12 NM boundary,20110603,00:00:00,20110707,23:59:59,,,multi-beam echosounders(157),20.0,Metres (ULAA),,,research vessel (31),Opnamebeleidsplan Hydrografie,OBP NLHYD,20000101,HOV,NLHY,20110603.0,"Royal Netherlands Navy, Hydrographic Service (574)","Royal Netherlands Navy, Hydrographic Service (574)",,,,,,,,Dutch Standards for Hydrographic Surveys^^2009-07-01^^This publication has been prepared in accordance with the 5th edition of the IHO S-44. The difference is that this publication is dedicated to hydrographic work as performed by the Dutch government. It therefore contains some important additions and extensions.||IHO S-44^^2008-02-01^^IHO S-44 provides a set of standards for the execution of hydrographic surveys for the collection of data which will primarily be used to compile navigational charts to be used for the safety of surface navigation and the protection of the marine environment.||QI_Horizontal^^2017-06-30^^4||QI_Purpose^^2017-06-30^^3||QI_Vertical^^2017-06-30^^3,"Royal Netherlands Navy, Hydrographic Service (574)",,web data access with registration,Creative Commons Attribution 4.0 International(CB),20220420,2174868,HY11505-2_mean_totaal/v1,"Royal Netherlands Navy, Hydrographic Service (574)",24.7,0
West Mud Hole,Marine geology (DS04)|Terrestrial (DS08),"Gravity, magnetics and bathymetry (G005)|Terrestrial (T001)",Bathymetry and Elevation(MBAN),xyz,1.0,41257975,20220420,3.186384201,3.6461143494,53.5502357483,53.8855667114,World Geodetic System 84 / UTM zone 31N (32631),surface (006),,Lowest Astronomical Tide (D01),31.78,43.17,Beyond the 12 NM boundary,20110213,00:00:00,20110603,23:59:59,,,multi-beam echosounders(157),20.0,Metres (ULAA),,,research vessel (31),Opnamebeleidsplan Hydrografie,OBP NLHYD,20000101,HOV,NLHY,20110213.0,"Royal Netherlands Navy, Hydrographic Service (574)","Royal Netherlands Navy, Hydrographic Service (574)",,,,,,,,QI_Horizontal^^2017-06-30^^4||QI_Purpose^^2017-06-30^^3||QI_Vertical^^2017-06-30^^3||Dutch Standards for Hydrographic Surveys^^2009-07-01^^This publication has been prepared in accordance with the 5th edition of the IHO S-44. The difference is that this publication is dedicated to hydrographic work as performed by the Dutch government. It therefore contains some important additions and extensions.||IHO S-44^^2008-02-01^^IHO S-44 provides a set of standards for the execution of hydrographic surveys for the collection of data which will primarily be used to compile navigational charts to be used for the safety of surface navigation and the protection of the marine environment.,"Royal Netherlands Navy, Hydrographic Service (574)",,web data access with registration,Creative Commons Attribution 4.0 International(CB),20220420,2174867,HY11505-1_mean_totaal/v1,"Royal Netherlands Navy, Hydrographic Service (574)",24.714,0
West off Vlieland,Marine geology (DS04)|Terrestrial (DS08),"Gravity, magnetics and bathymetry (G005)|Terrestrial (T001)",Bathymetry and Elevation(MBAN),xyz,1.0,21203184,20220407,4.6552414894,5.1308345795,53.2113189697,53.4743232727,World Geodetic System 84 / UTM zone 31N (32631),surface (006),,Lowest Astronomical Tide (D01),9.853,25.908,Landward side of the 12 NM boundary,20130228,00:00:00,20130512,23:59:59,,,multi-beam echosounders(157),20.0,Metres (ULAA),,,research vessel (31),Opnamebeleidsplan Hydrografie,OBP NLHYD,20000101,HOV,NLHY,20130228.0,"Royal Netherlands Navy, Hydrographic Service (574)","Royal Netherlands Navy, Hydrographic Service (574)",,,,,,,,Dutch Standards for Hydrographic Surveys^^2009-07-01^^This publication has been prepared in accordance with the 5th edition of the IHO S-44. The difference is that this publication is dedicated to hydrographic work as performed by the Dutch government. It therefore contains some important additions and extensions.||IHO S-44^^2008-02-01^^IHO S-44 provides a set of standards for the execution of hydrographic surveys for the collection of data which will primarily be used to compile navigational charts to be used for the safety of surface navigation and the protection of the marine environment.||QI_Horizontal^^2017-06-30^^4||QI_Purpose^^2017-06-30^^3||QI_Vertical^^2017-06-30^^3,"Royal Netherlands Navy, Hydrographic Service (574)",,web data access with registration,Creative Commons Attribution 4.0 International(CB),20220407,2612956,HY13308-321-232_MeanTotaal/v1,"Royal Netherlands Navy, Hydrographic Service (574)",24.545,0
West-Friesland,Marine geology (DS04)|Terrestrial (DS08),"Gravity, magnetics and bathymetry (G005)|Terrestrial (T001)",Bathymetry and Elevation(MBAN),xyz,1.0,62281322,20220420,3.9662795067,4.7688145638,53.6725120544,54.000328064,World Geodetic System 84 / UTM zone 31N (32631),surface (006),,Lowest Astronomical Tide (D01),38.36,43.58,Beyond the 12 NM boundary,20110624,00:00:00,20111101,23:59:59,,,multi-beam echosounders(157),20.0,Metres (ULAA),,,research vessel (31),Opnamebeleidsplan Hydrografie,OBP NLHYD,20000101,HOV,NLHY,20110624.0,"Royal Netherlands Navy, Hydrographic Service (574)","Royal Netherlands Navy, Hydrographic Service (574)",,,,,,,,IHO S-44^^2008-02-01^^IHO S-44 provides a set of standards for the execution of hydrographic surveys for the collection of data which will primarily be used to compile navigational charts to be used for the safety of surface navigation and the protection of the marine environment.||QI_Horizontal^^2017-06-30^^4||QI_Purpose^^2017-06-30^^3||QI_Vertical^^2017-06-30^^3||Dutch Standards for Hydrographic Surveys^^2009-07-01^^This publication has been prepared in accordance with the 5th edition of the IHO S-44. The difference is that this publication is dedicated to hydrographic work as performed by the Dutch government. It therefore contains some important additions and extensions.,"Royal Netherlands Navy, Hydrographic Service (574)",,web data access with registration,Creative Commons Attribution 4.0 International(CB),20220420,2174863,HY11405N_506N_mean_totaal/v1,"Royal Netherlands Navy, Hydrographic Service (574)",24.727,0
